,Date_reported, Country_code, Country, WHO_region, New_cases, Cumulative_cases, New_deaths, Cumulative_deaths,PRED_CUMULATIVE_CASES,PRED_CUMULATIVE_DEATHS
0,2020-02-26,BR,Brazil,AMRO,1.0,1.0,0.0,0.0,-63067.04624873179,-499.74982416804716
1,2020-02-27,BR,Brazil,AMRO,0.0,1.0,0.0,0.0,-63066.33948279896,-499.72076377984604
2,2020-02-28,BR,Brazil,AMRO,0.0,1.0,0.0,0.0,-63061.39212126915,-499.51734106243805
3,2020-02-29,BR,Brazil,AMRO,0.0,1.0,0.0,0.0,-63047.96356854518,-498.96519368661626
4,2020-03-01,BR,Brazil,AMRO,1.0,2.0,0.0,0.0,-63021.81322903065,-497.8899593231742
5,2020-03-02,BR,Brazil,AMRO,0.0,2.0,0.0,0.0,-62978.70050712734,-496.11727564290425
6,2020-03-03,BR,Brazil,AMRO,0.0,2.0,0.0,0.0,-62914.384807238916,-493.47278031659977
7,2020-03-04,BR,Brazil,AMRO,1.0,3.0,0.0,0.0,-62824.62553376998,-489.7821110150542
8,2020-03-05,BR,Brazil,AMRO,4.0,7.0,0.0,0.0,-62705.182091122675,-484.87090540906325
9,2020-03-06,BR,Brazil,AMRO,1.0,8.0,0.0,0.0,-62551.81388369161,-478.56480116941583
10,2020-03-07,BR,Brazil,AMRO,11.0,19.0,0.0,0.0,-62360.280315896154,-470.689435966904
11,2020-03-08,BR,Brazil,AMRO,0.0,19.0,0.0,0.0,-62126.34079212152,-461.07044747232464
12,2020-03-09,BR,Brazil,AMRO,6.0,25.0,0.0,0.0,-61845.754716788775,-449.5334733564682
13,2020-03-10,BR,Brazil,AMRO,0.0,25.0,0.0,0.0,-61514.28149427509,-435.9041512901264
14,2020-03-11,BR,Brazil,AMRO,9.0,34.0,0.0,0.0,-61127.680529037265,-420.0081189441038
15,2020-03-12,BR,Brazil,AMRO,18.0,52.0,0.0,0.0,-60681.71122541058,-401.6710139891808
16,2020-03-13,BR,Brazil,AMRO,46.0,98.0,0.0,0.0,-60172.13298785885,-380.718474096176
17,2020-03-14,BR,Brazil,AMRO,23.0,121.0,0.0,0.0,-59594.70522071084,-356.9761369358162
18,2020-03-15,BR,Brazil,AMRO,0.0,121.0,0.0,0.0,-58945.18732841034,-330.2696401789964
19,2020-03-16,BR,Brazil,AMRO,79.0,200.0,0.0,0.0,-58219.33871541103,-300.4246214964006
20,2020-03-17,BR,Brazil,AMRO,34.0,234.0,0.0,0.0,-57412.918786046685,-267.2667185589021
21,2020-03-18,BR,Brazil,AMRO,57.0,291.0,1.0,1.0,-56521.686944780995,-230.621569037263
22,2020-03-19,BR,Brazil,AMRO,137.0,428.0,3.0,4.0,-55541.4025958496,-190.3148106022673
23,2020-03-20,BR,Brazil,AMRO,193.0,621.0,0.0,4.0,-54467.82514386543,-146.1720809247429
24,2020-03-21,BR,Brazil,AMRO,283.0,904.0,7.0,11.0,-53296.71399318765,-98.01901767541563
25,2020-03-22,BR,Brazil,AMRO,0.0,904.0,0.0,11.0,-52023.82854819077,-45.68125852516397
26,2020-03-23,BR,Brazil,AMRO,0.0,904.0,0.0,11.0,-50644.92821307819,11.01555885531883
27,2020-03-24,BR,Brazil,AMRO,1297.0,2201.0,35.0,46.0,-49155.77239267587,72.2457967950233
28,2020-03-25,BR,Brazil,AMRO,0.0,2201.0,0.0,46.0,-47552.12049117557,138.1838176234997
29,2020-03-26,BR,Brazil,AMRO,232.0,2433.0,11.0,57.0,-45829.73191274901,209.00398366956432
30,2020-03-27,BR,Brazil,AMRO,0.0,2433.0,0.0,57.0,-43984.3660621621,284.88065726288386
31,2020-03-28,BR,Brazil,AMRO,482.0,2915.0,20.0,77.0,-42011.78234366759,365.98820073219423
32,2020-03-29,BR,Brazil,AMRO,502.0,3417.0,15.0,92.0,-39907.74016174826,452.5009764069221
33,2020-03-30,BR,Brazil,AMRO,487.0,3904.0,22.0,114.0,-37667.99892054557,544.5933466164729
34,2020-03-31,BR,Brazil,AMRO,352.0,4256.0,22.0,136.0,-35288.31802456419,642.4396736898004
35,2020-04-01,BR,Brazil,AMRO,323.0,4579.0,23.0,159.0,-32764.45687836188,746.2143199560626
36,2020-04-02,BR,Brazil,AMRO,1138.0,5717.0,42.0,201.0,-30092.174886160188,856.0916477443591
37,2020-04-03,BR,Brazil,AMRO,1119.0,6836.0,40.0,241.0,-27267.231452529908,972.2460193843126
38,2020-04-04,BR,Brazil,AMRO,1074.0,7910.0,58.0,299.0,-24285.385982165702,1094.8517972051252
39,2020-04-05,BR,Brazil,AMRO,1146.0,9056.0,60.0,359.0,-21142.397878396914,1224.083343535299
40,2020-04-06,BR,Brazil,AMRO,1222.0,10278.0,73.0,432.0,-17834.026547250927,1360.1150207051135
41,2020-04-07,BR,Brazil,AMRO,852.0,11130.0,54.0,486.0,-14356.031391493634,1503.1211910430413
42,2020-04-08,BR,Brazil,AMRO,926.0,12056.0,67.0,553.0,-10704.17181712541,1653.2762168782263
43,2020-04-09,BR,Brazil,AMRO,1661.0,13717.0,114.0,667.0,-6874.207226633684,1810.754460540394
44,2020-04-10,BR,Brazil,AMRO,2210.0,15927.0,133.0,800.0,-2861.8970256742396,1975.7302843581917
45,2020-04-11,BR,Brazil,AMRO,1930.0,17857.0,141.0,941.0,1336.99938076955,2148.378050661782
46,2020-04-12,BR,Brazil,AMRO,1781.0,19638.0,115.0,1056.0,5726.722590199082,2328.872121778387
47,2020-04-13,BR,Brazil,AMRO,1089.0,20727.0,68.0,1124.0,10311.513196433305,2517.3868600392157
48,2020-04-14,BR,Brazil,AMRO,1442.0,22169.0,99.0,1223.0,15095.611795621335,2714.096627773005
49,2020-04-15,BR,Brazil,AMRO,1261.0,23430.0,105.0,1328.0,20083.258983655243,2919.1757873080246
50,2020-04-16,BR,Brazil,AMRO,1832.0,25262.0,204.0,1532.0,25278.695355596363,3132.798700975018
51,2020-04-17,BR,Brazil,AMRO,3058.0,28320.0,204.0,1736.0,30686.161508841782,3355.1397311014994
52,2020-04-18,BR,Brazil,AMRO,2105.0,30425.0,188.0,1924.0,36309.898036497056,3586.3732400188806
53,2020-04-19,BR,Brazil,AMRO,3257.0,33682.0,217.0,2141.0,42154.14553428289,3826.673590053338
54,2020-04-20,BR,Brazil,AMRO,2917.0,36599.0,206.0,2347.0,48223.14459971559,4076.2151435365163
55,2020-04-21,BR,Brazil,AMRO,2055.0,38654.0,115.0,2462.0,54521.135826768696,4335.17226279756
56,2020-04-22,BR,Brazil,AMRO,1927.0,40581.0,113.0,2575.0,61052.359811717986,4603.719310164328
57,2020-04-23,BR,Brazil,AMRO,2498.0,43079.0,166.0,2741.0,67821.05715093238,4882.030647967016
58,2020-04-24,BR,Brazil,AMRO,2678.0,45757.0,165.0,2906.0,74831.46843913046,5170.280638532845
59,2020-04-25,BR,Brazil,AMRO,3735.0,49492.0,407.0,3313.0,82087.83427245019,5468.643644194974
60,2020-04-26,BR,Brazil,AMRO,3503.0,52995.0,357.0,3670.0,89594.39524382574,5777.294027279401
61,2020-04-27,BR,Brazil,AMRO,5514.0,58509.0,346.0,4016.0,97355.39195186866,6096.406150116146
62,2020-04-28,BR,Brazil,AMRO,3379.0,61888.0,189.0,4205.0,105375.06499178184,6426.154375033884
63,2020-04-29,BR,Brazil,AMRO,4613.0,66501.0,338.0,4543.0,113657.65495780332,6766.713064363622
64,2020-04-30,BR,Brazil,AMRO,5385.0,71886.0,474.0,5017.0,122207.40244713647,7118.256580431707
65,2020-05-01,BR,Brazil,AMRO,6276.0,78162.0,449.0,5466.0,131028.54805630667,7480.959285571941
66,2020-05-02,BR,Brazil,AMRO,7218.0,85380.0,435.0,5901.0,140125.332376758,7854.995542108113
67,2020-05-03,BR,Brazil,AMRO,6209.0,91589.0,428.0,6329.0,149501.99600739998,8240.539712371927
68,2020-05-04,BR,Brazil,AMRO,4970.0,96559.0,421.0,6750.0,159162.77954460902,8637.766158694732
69,2020-05-05,BR,Brazil,AMRO,4588.0,101147.0,275.0,7025.0,169111.9235823698,9046.849243402768
70,2020-05-06,BR,Brazil,AMRO,6633.0,107780.0,296.0,7321.0,179353.6687142275,9467.96332882483
71,2020-05-07,BR,Brazil,AMRO,6935.0,114715.0,600.0,7921.0,189892.2555389054,9901.2827772918
72,2020-05-08,BR,Brazil,AMRO,10503.0,125218.0,615.0,8536.0,200731.92465184105,10346.981951131202
73,2020-05-09,BR,Brazil,AMRO,9888.0,135106.0,610.0,9146.0,211876.9166456185,10805.235212675774
74,2020-05-10,BR,Brazil,AMRO,10222.0,145328.0,751.0,9897.0,223331.4721208833,11276.21692425083
75,2020-05-11,BR,Brazil,AMRO,10611.0,155939.0,730.0,10627.0,235099.8316666506,11760.101448189347
76,2020-05-12,BR,Brazil,AMRO,6760.0,162699.0,496.0,11123.0,247186.23588379694,12257.06314681733
77,2020-05-13,BR,Brazil,AMRO,5632.0,168331.0,396.0,11519.0,259594.9253641687,12767.276382465549
78,2020-05-14,BR,Brazil,AMRO,9258.0,177589.0,881.0,12400.0,272330.14071394724,13290.915517458721
79,2020-05-15,BR,Brazil,AMRO,11385.0,188974.0,749.0,13149.0,285396.1225106589,13828.154914136941
80,2020-05-16,BR,Brazil,AMRO,13944.0,202918.0,844.0,13993.0,298797.11136311514,14379.168934817237
81,2020-05-17,BR,Brazil,AMRO,15305.0,218223.0,824.0,14817.0,312537.34786094946,14944.131941835276
82,2020-05-18,BR,Brazil,AMRO,14919.0,233142.0,816.0,15633.0,326621.0726091735,15523.21829752066
83,2020-05-19,BR,Brazil,AMRO,7938.0,241080.0,485.0,16118.0,341052.52619078977,16116.602364199283
84,2020-05-20,BR,Brazil,AMRO,13140.0,254220.0,674.0,16792.0,355835.9492041193,16724.45850420214
85,2020-05-21,BR,Brazil,AMRO,17408.0,271628.0,1179.0,17971.0,370975.582254114,17346.961079860946
86,2020-05-22,BR,Brazil,AMRO,19951.0,291579.0,888.0,18859.0,386475.6659280531,17984.28445349948
87,2020-05-23,BR,Brazil,AMRO,18508.0,310087.0,1188.0,20047.0,402340.44081923587,18636.60298744828
88,2020-05-24,BR,Brazil,AMRO,20803.0,330890.0,1001.0,21048.0,418574.14753572864,19304.091044041863
89,2020-05-25,BR,Brazil,AMRO,16508.0,347398.0,965.0,22013.0,435181.02665364963,19986.922985603527
90,2020-05-26,BR,Brazil,AMRO,15813.0,363211.0,653.0,22666.0,452165.31878727896,20685.273174470585
91,2020-05-27,BR,Brazil,AMRO,11687.0,374898.0,807.0,23473.0,469531.2645276956,21399.31597295866
92,2020-05-28,BR,Brazil,AMRO,16324.0,391222.0,1039.0,24512.0,487283.1044627152,22129.225743403425
93,2020-05-29,BR,Brazil,AMRO,20599.0,411821.0,1086.0,25598.0,505425.07918824477,22875.17684814007
94,2020-05-30,BR,Brazil,AMRO,26417.0,438238.0,1156.0,26754.0,523961.429312589,23637.343649490056
95,2020-05-31,BR,Brazil,AMRO,26928.0,465166.0,1124.0,27878.0,542896.3954169176,24415.900509788586
96,2020-06-01,BR,Brazil,AMRO,33274.0,498440.0,956.0,28834.0,562234.2181060932,25211.02179136037
97,2020-06-02,BR,Brazil,AMRO,16409.0,514849.0,480.0,29314.0,581979.1379731916,26022.881856532236
98,2020-06-03,BR,Brazil,AMRO,11598.0,526447.0,623.0,29937.0,602135.3956103645,26851.655067640528
99,2020-06-04,BR,Brazil,AMRO,28936.0,555383.0,1262.0,31199.0,622707.2316200457,27697.51578701464
100,2020-06-05,BR,Brazil,AMRO,28633.0,584016.0,1349.0,32548.0,643698.8865858935,28560.638376976476
101,2020-06-06,BR,Brazil,AMRO,30925.0,614941.0,1473.0,34021.0,665114.6011227391,29441.197199856364
102,2020-06-07,BR,Brazil,AMRO,30830.0,645771.0,1005.0,35026.0,686958.6158118568,30339.366617988326
103,2020-06-08,BR,Brazil,AMRO,27075.0,672846.0,904.0,35930.0,709235.1712462328,31255.320993702666
104,2020-06-09,BR,Brazil,AMRO,18912.0,691758.0,525.0,36455.0,731948.508033099,32189.234689327375
105,2020-06-10,BR,Brazil,AMRO,15654.0,707412.0,679.0,37134.0,755102.8667494677,33141.28206718437
106,2020-06-11,BR,Brazil,AMRO,32091.0,739503.0,1272.0,38406.0,778702.4880153857,34111.63748960304
107,2020-06-12,BR,Brazil,AMRO,32913.0,772416.0,1274.0,39680.0,802751.6124116204,35100.47531892624
108,2020-06-13,BR,Brazil,AMRO,30412.0,802828.0,1239.0,40919.0,827254.4805388473,36107.969917468465
109,2020-06-14,BR,Brazil,AMRO,25982.0,828810.0,909.0,41828.0,852215.3329865955,37134.29564756932
110,2020-06-15,BR,Brazil,AMRO,21704.0,850514.0,892.0,42720.0,877638.4103552721,38179.62687155681
111,2020-06-16,BR,Brazil,AMRO,17110.0,867624.0,612.0,43332.0,903527.9532382212,39244.137951751894
112,2020-06-17,BR,Brazil,AMRO,20647.0,888271.0,627.0,43959.0,929888.2022348664,40328.003250490954
113,2020-06-18,BR,Brazil,AMRO,34918.0,923189.0,1282.0,45241.0,956723.3979495786,41431.39713009825
114,2020-06-19,BR,Brazil,AMRO,32188.0,955377.0,1269.0,46510.0,984037.7809485815,42554.49395291246
115,2020-06-20,BR,Brazil,AMRO,22765.0,978142.0,1238.0,47748.0,1011835.5918509386,43697.468081244806
116,2020-06-21,BR,Brazil,AMRO,54771.0,1032913.0,1206.0,48954.0,1040121.0712541662,44860.49387743909
117,2020-06-22,BR,Brazil,AMRO,34666.0,1067579.0,1022.0,49976.0,1068898.4597420713,46043.74570382703
118,2020-06-23,BR,Brazil,AMRO,17459.0,1085038.0,641.0,50617.0,1098171.9979207239,47247.39792273612
119,2020-06-24,BR,Brazil,AMRO,21432.0,1106470.0,654.0,51271.0,1127945.9263596258,48471.62489648364
120,2020-06-25,BR,Brazil,AMRO,39436.0,1145906.0,1374.0,52645.0,1158224.4856917283,49716.60098741154
121,2020-06-26,BR,Brazil,AMRO,42725.0,1188631.0,1185.0,53830.0,1189011.9164851627,50982.50055782778
122,2020-06-27,BR,Brazil,AMRO,39483.0,1228114.0,1141.0,54971.0,1220312.4593560717,52269.4979701055
123,2020-06-28,BR,Brazil,AMRO,46860.0,1274974.0,990.0,55961.0,1252130.3548935077,53577.76758652518
124,2020-06-29,BR,Brazil,AMRO,38693.0,1313667.0,1109.0,57070.0,1284469.843675377,54907.483769447404
125,2020-06-30,BR,Brazil,AMRO,30476.0,1344143.0,552.0,57622.0,1317335.1663214585,56258.82088119176
126,2020-07-01,BR,Brazil,AMRO,24052.0,1368195.0,692.0,58314.0,1350730.563403549,57631.953284085306
127,2020-07-02,BR,Brazil,AMRO,33846.0,1402041.0,1280.0,59594.0,1384660.2755550763,59027.05534045042
128,2020-07-03,BR,Brazil,AMRO,46712.0,1448753.0,1038.0,60632.0,1419128.5433182141,60444.30141262999
129,2020-07-04,BR,Brazil,AMRO,48105.0,1496858.0,1252.0,61884.0,1454139.607351186,61883.865862956656
130,2020-07-05,BR,Brazil,AMRO,42223.0,1539081.0,1290.0,63174.0,1489697.7081915757,63345.92305375186
131,2020-07-06,BR,Brazil,AMRO,37923.0,1577004.0,1091.0,64265.0,1525807.0864646456,64830.64734732685
132,2020-07-07,BR,Brazil,AMRO,26051.0,1603055.0,602.0,64867.0,1562471.9827551863,66338.21310604124
133,2020-07-08,BR,Brazil,AMRO,20229.0,1623284.0,620.0,65487.0,1599696.6376769564,67868.79469221277
134,2020-07-09,BR,Brazil,AMRO,45305.0,1668589.0,1254.0,66741.0,1637485.2918003222,69422.56646815175
135,2020-07-10,BR,Brazil,AMRO,44571.0,1713160.0,1223.0,67964.0,1675842.1857535264,70999.70279621497
136,2020-07-11,BR,Brazil,AMRO,42619.0,1755779.0,1220.0,69184.0,1714771.5600979945,72600.3780387342
137,2020-07-12,BR,Brazil,AMRO,45048.0,1800827.0,1214.0,70398.0,1754277.6554593465,74224.76655801226
138,2020-07-13,BR,Brazil,AMRO,39023.0,1839850.0,1071.0,71469.0,1794364.7124000809,75873.04271639849
139,2020-07-14,BR,Brazil,AMRO,24831.0,1864681.0,631.0,72100.0,1835036.9715181014,77545.38087620326
140,2020-07-15,BR,Brazil,AMRO,20286.0,1884967.0,733.0,72833.0,1876298.6734549424,79241.95539977498
141,2020-07-16,BR,Brazil,AMRO,41857.0,1926824.0,1300.0,74133.0,1918154.0587577245,80962.94064942676
142,2020-07-17,BR,Brazil,AMRO,39924.0,1966748.0,1233.0,75366.0,1960607.3680523655,82708.51098751074
143,2020-07-18,BR,Brazil,AMRO,45403.0,2012151.0,1322.0,76688.0,2003662.841907563,84478.84077632704
144,2020-07-19,BR,Brazil,AMRO,34177.0,2046328.0,1163.0,77851.0,2047324.7209558508,86274.10437822595
145,2020-07-20,BR,Brazil,AMRO,28532.0,2074860.0,921.0,78772.0,2091597.2457434556,88094.47615554382
146,2020-07-21,BR,Brazil,AMRO,23529.0,2098389.0,716.0,79488.0,2136484.6569060707,89940.13047058253
147,2020-07-22,BR,Brazil,AMRO,,,,,2181991.195015075,91811.24168568876
148,2020-07-23,BR,Brazil,AMRO,,,,,2228121.100708189,93707.98416318298
149,2020-07-24,BR,Brazil,AMRO,,,,,2274878.6145260953,95630.53226541459
150,2020-07-25,BR,Brazil,AMRO,,,,,2322267.9770743274,97579.06035469112
151,2020-07-26,BR,Brazil,AMRO,,,,,2370293.4289751076,99553.74279334239
152,2020-07-27,BR,Brazil,AMRO,,,,,2418959.210811498,101554.75394371498
153,2020-07-28,BR,Brazil,AMRO,,,,,2468269.5631864094,103582.26816812105
154,2020-07-29,BR,Brazil,AMRO,,,,,2518228.7266544723,105636.45982890073
155,2020-07-30,BR,Brazil,AMRO,,,,,2568840.94188756,107717.50328838661
156,2020-07-31,BR,Brazil,AMRO,,,,,2620110.4494527006,109825.57290884611
157,2020-08-01,BR,Brazil,AMRO,,,,,2672041.4898623847,111960.84305271626
158,2020-08-02,BR,Brazil,AMRO,,,,,2724638.303826394,114123.48808227187
159,2020-08-03,BR,Brazil,AMRO,,,,,2777905.1318935775,116313.68235982886
160,2020-08-04,BR,Brazil,AMRO,,,,,2831846.2146460437,118531.60024771423
161,2020-08-05,BR,Brazil,AMRO,,,,,2886465.792727294,120777.41610828303
162,2020-08-06,BR,Brazil,AMRO,,,,,2941768.1066287183,123051.30430385855
163,2020-08-07,BR,Brazil,AMRO,,,,,2997757.3970508003,125353.43919678268
164,2020-08-08,BR,Brazil,AMRO,,,,,3054437.9046145105,127683.99514934162
165,2020-08-09,BR,Brazil,AMRO,,,,,3111813.8697897815,130043.14652390333
166,2020-08-10,BR,Brazil,AMRO,,,,,3169889.5332674407,132431.0676827706
167,2020-08-11,BR,Brazil,AMRO,,,,,3228669.1356003904,134847.93298830403
168,2020-08-12,BR,Brazil,AMRO,,,,,3288156.917374077,137293.91680279345
169,2020-08-13,BR,Brazil,AMRO,,,,,3348357.1192594194,139769.19348860317
170,2020-08-14,BR,Brazil,AMRO,,,,,3409273.9817740344,142273.9374080639
171,2020-08-15,BR,Brazil,AMRO,,,,,3470911.7455381774,144808.32292346918
172,2020-08-16,BR,Brazil,AMRO,,,,,3533274.6511655473,147372.52439717218
173,2020-08-17,BR,Brazil,AMRO,,,,,3596366.939209404,149966.7161914794
174,2020-08-18,BR,Brazil,AMRO,,,,,3660192.8502950096,152591.0726687626
175,2020-08-19,BR,Brazil,AMRO,,,,,3724756.6250464343,155245.7681913377
176,2020-08-20,BR,Brazil,AMRO,,,,,3790062.5040269517,157930.97712151124
