,Date_reported, Country_code, Country, WHO_region, New_cases, Cumulative_cases, New_deaths, Cumulative_deaths,PRED_CUMULATIVE_CASES,PRED_CUMULATIVE_DEATHS
0,2020-01-29,IT,Italy,EURO,2.0,2.0,0.0,0.0,87041.07834956754,5823.212611259865
1,2020-01-30,IT,Italy,EURO,0.0,2.0,0.0,0.0,87041.12532494073,5823.221694135399
2,2020-01-31,IT,Italy,EURO,0.0,2.0,0.0,0.0,87041.45415255308,5823.285274264139
3,2020-02-01,IT,Italy,EURO,0.0,2.0,0.0,0.0,87042.34668464372,5823.457848899288
4,2020-02-02,IT,Italy,EURO,0.0,2.0,0.0,0.0,87044.08477345186,5823.793915294052
5,2020-02-03,IT,Italy,EURO,0.0,2.0,0.0,0.0,87046.9502712166,5824.347970701636
6,2020-02-04,IT,Italy,EURO,0.0,2.0,0.0,0.0,87051.22503017703,5825.174512375246
7,2020-02-05,IT,Italy,EURO,0.0,2.0,0.0,0.0,87057.19090257262,5826.328037568085
8,2020-02-06,IT,Italy,EURO,0.0,2.0,0.0,0.0,87065.12974064212,5827.863043533358
9,2020-02-07,IT,Italy,EURO,1.0,3.0,0.0,0.0,87075.32339662511,5829.834027524272
10,2020-02-08,IT,Italy,EURO,0.0,3.0,0.0,0.0,87088.05372276006,5832.2954867940325
11,2020-02-09,IT,Italy,EURO,0.0,3.0,0.0,0.0,87103.60257128667,5835.301918595837
12,2020-02-10,IT,Italy,EURO,0.0,3.0,0.0,0.0,87122.25179444341,5838.9078201829125
13,2020-02-11,IT,Italy,EURO,0.0,3.0,0.0,0.0,87144.28324447194,5843.167688808421
14,2020-02-12,IT,Italy,EURO,0.0,3.0,0.0,0.0,87169.97877360816,5848.136021725627
15,2020-02-13,IT,Italy,EURO,0.0,3.0,0.0,0.0,87199.62023409276,5853.867316187692
16,2020-02-14,IT,Italy,EURO,0.0,3.0,0.0,0.0,87233.48947816418,5860.416069447805
17,2020-02-15,IT,Italy,EURO,0.0,3.0,0.0,0.0,87271.8683580645,5867.836778759212
18,2020-02-16,IT,Italy,EURO,0.0,3.0,0.0,0.0,87315.03872602811,5876.183941375115
19,2020-02-17,IT,Italy,EURO,0.0,3.0,0.0,0.0,87363.28243429452,5885.512054548712
20,2020-02-18,IT,Italy,EURO,0.0,3.0,0.0,0.0,87416.88133510767,5895.875615533201
21,2020-02-19,IT,Italy,EURO,0.0,3.0,0.0,0.0,87476.11728069984,5907.329121581743
22,2020-02-20,IT,Italy,EURO,0.0,3.0,0.0,0.0,87541.27212332055,5919.927069947642
23,2020-02-21,IT,Italy,EURO,1.0,4.0,0.0,0.0,87612.62771519419,5933.723957884109
24,2020-02-22,IT,Italy,EURO,7.0,11.0,2.0,2.0,87690.46590857446,5948.774282644243
25,2020-02-23,IT,Italy,EURO,113.0,124.0,0.0,2.0,87775.06855570112,5965.132541481233
26,2020-02-24,IT,Italy,EURO,105.0,229.0,5.0,7.0,87866.71750880271,5982.853231648312
27,2020-02-25,IT,Italy,EURO,93.0,322.0,5.0,12.0,87965.69462012831,6001.990850398777
28,2020-02-26,IT,Italy,EURO,78.0,400.0,0.0,12.0,88072.28174189251,6022.599894985959
29,2020-02-27,IT,Italy,EURO,250.0,650.0,5.0,17.0,88186.76072636206,6044.734862662795
30,2020-02-28,IT,Italy,EURO,238.0,888.0,4.0,21.0,88309.41342576925,6068.450250682481
31,2020-02-29,IT,Italy,EURO,240.0,1128.0,8.0,29.0,88440.52169234824,6093.800556298165
32,2020-03-01,IT,Italy,EURO,561.0,1689.0,6.0,35.0,88580.36737834063,6120.840276763383
33,2020-03-02,IT,Italy,EURO,347.0,2036.0,17.0,52.0,88729.2323359992,6149.62390933106
34,2020-03-03,IT,Italy,EURO,466.0,2502.0,28.0,80.0,88887.39841754321,6180.205951254642
35,2020-03-04,IT,Italy,EURO,587.0,3089.0,27.0,107.0,89055.14747519005,6212.640899787353
36,2020-03-05,IT,Italy,EURO,769.0,3858.0,41.0,148.0,89232.76136125211,6246.983252181863
37,2020-03-06,IT,Italy,EURO,778.0,4636.0,49.0,197.0,89420.52192788903,6283.287505692077
38,2020-03-07,IT,Italy,EURO,1247.0,5883.0,37.0,234.0,89618.7110273834,6321.608157570636
39,2020-03-08,IT,Italy,EURO,1492.0,7375.0,132.0,366.0,89827.61051195074,6361.999705071112
40,2020-03-09,IT,Italy,EURO,1797.0,9172.0,97.0,463.0,90047.50223388855,6404.5166454465525
41,2020-03-10,IT,Italy,EURO,977.0,10149.0,168.0,631.0,90278.66804531921,6449.21347594986
42,2020-03-11,IT,Italy,EURO,2313.0,12462.0,196.0,827.0,90521.3897986259,6496.144693834884
43,2020-03-12,IT,Italy,EURO,2651.0,15113.0,189.0,1016.0,90775.9493459757,6545.364796355252
44,2020-03-13,IT,Italy,EURO,2547.0,17660.0,252.0,1268.0,91042.62853959162,6596.928280762078
45,2020-03-14,IT,Italy,EURO,3497.0,21157.0,173.0,1441.0,91321.70923174132,6650.889644310491
46,2020-03-15,IT,Italy,EURO,3590.0,24747.0,368.0,1809.0,91613.47327458073,6707.303384253815
47,2020-03-16,IT,Italy,EURO,3233.0,27980.0,349.0,2158.0,91918.20252051909,6766.223997843104
48,2020-03-17,IT,Italy,EURO,3526.0,31506.0,347.0,2505.0,92236.17882162292,6827.7059823348845
49,2020-03-18,IT,Italy,EURO,4207.0,35713.0,473.0,2978.0,92567.68403030146,6891.8038349792205
50,2020-03-19,IT,Italy,EURO,5322.0,41035.0,429.0,3407.0,92912.99999863614,6958.572053030804
51,2020-03-20,IT,Italy,EURO,5986.0,47021.0,625.0,4032.0,93272.40857887227,7028.065133742204
52,2020-03-21,IT,Italy,EURO,6557.0,53578.0,795.0,4827.0,93646.19162344892,7100.337574367442
53,2020-03-22,IT,Italy,EURO,0.0,53578.0,0.0,4827.0,94034.63098426122,7175.4438721598435
54,2020-03-23,IT,Italy,EURO,5560.0,59138.0,649.0,5476.0,94438.00851405371,7253.43852437116
55,2020-03-24,IT,Italy,EURO,4789.0,63927.0,601.0,6077.0,94856.60606443096,7334.376028256929
56,2020-03-25,IT,Italy,EURO,5249.0,69176.0,743.0,6820.0,95290.7054881673,7418.310881068612
57,2020-03-26,IT,Italy,EURO,5210.0,74386.0,685.0,7505.0,95740.58863729943,7505.297580059067
58,2020-03-27,IT,Italy,EURO,6153.0,80539.0,660.0,8165.0,96206.53736392368,7595.390622483306
59,2020-03-28,IT,Italy,EURO,5959.0,86498.0,971.0,9136.0,96688.8335205238,7688.644505590872
60,2020-03-29,IT,Italy,EURO,5974.0,92472.0,887.0,10023.0,97187.7589591812,7785.113726640791
61,2020-03-30,IT,Italy,EURO,5217.0,97689.0,758.0,10781.0,97703.59553211142,7884.852782879812
62,2020-03-31,IT,Italy,EURO,4050.0,101739.0,810.0,11591.0,98236.6250918131,7987.916171566265
63,2020-04-01,IT,Italy,EURO,4053.0,105792.0,839.0,12430.0,98787.12949024845,8094.358389953066
64,2020-04-02,IT,Italy,EURO,4782.0,110574.0,727.0,13157.0,99355.39057975222,8204.23393528801
65,2020-04-03,IT,Italy,EURO,4668.0,115242.0,760.0,13917.0,99941.69021253992,8317.597304830766
66,2020-04-04,IT,Italy,EURO,4585.0,119827.0,764.0,14681.0,100546.31024102081,8434.50299582942
67,2020-04-05,IT,Italy,EURO,4805.0,124632.0,681.0,15362.0,101169.53251705278,8555.005505541778
68,2020-04-06,IT,Italy,EURO,4316.0,128948.0,527.0,15889.0,101811.6388933729,8679.15933121808
69,2020-04-07,IT,Italy,EURO,3599.0,132547.0,636.0,16525.0,102472.91122166027,8807.018970114268
70,2020-04-08,IT,Italy,EURO,3039.0,135586.0,604.0,17129.0,103153.63135454763,8938.638919479768
71,2020-04-09,IT,Italy,EURO,3836.0,139422.0,540.0,17669.0,103854.08114439953,9074.073676567847
72,2020-04-10,IT,Italy,EURO,4204.0,143626.0,612.0,18281.0,104574.54244304408,9213.377738635843
73,2020-04-11,IT,Italy,EURO,3951.0,147577.0,570.0,18851.0,105315.2971028458,9356.60560293423
74,2020-04-12,IT,Italy,EURO,4694.0,152271.0,619.0,19470.0,106076.62697613944,9503.811766717556
75,2020-04-13,IT,Italy,EURO,4092.0,156363.0,431.0,19901.0,106858.81391517032,9655.050727236989
76,2020-04-14,IT,Italy,EURO,3153.0,159516.0,564.0,20465.0,107662.13977209438,9810.376981746029
77,2020-04-15,IT,Italy,EURO,2972.0,162488.0,604.0,21069.0,108486.88639927615,9969.84502749864
78,2020-04-16,IT,Italy,EURO,2667.0,165155.0,578.0,21647.0,109333.33564863313,10133.509361749837
79,2020-04-17,IT,Italy,EURO,3786.0,168941.0,525.0,22172.0,110201.7693728279,10301.424481750671
80,2020-04-18,IT,Italy,EURO,3493.0,172434.0,575.0,22747.0,111092.46942413558,10473.644884753363
81,2020-04-19,IT,Italy,EURO,3491.0,175925.0,480.0,23227.0,112005.71765408624,10650.225068013156
82,2020-04-20,IT,Italy,EURO,3047.0,178972.0,433.0,23660.0,112941.79591558088,10831.219528779826
83,2020-04-21,IT,Italy,EURO,2256.0,181228.0,454.0,24114.0,113900.98606098403,11016.682764316416
84,2020-04-22,IT,Italy,EURO,2729.0,183957.0,534.0,24648.0,114883.56994203437,11206.669271860012
85,2020-04-23,IT,Italy,EURO,3370.0,187327.0,437.0,25085.0,115889.82941124548,11401.233548679595
86,2020-04-24,IT,Italy,EURO,2646.0,189973.0,464.0,25549.0,116920.04632083286,11600.43009202296
87,2020-04-25,IT,Italy,EURO,3021.0,192994.0,420.0,25969.0,117974.50252262462,11804.313399133944
88,2020-04-26,IT,Italy,EURO,2357.0,195351.0,415.0,26384.0,119053.47986976017,12012.93796727757
89,2020-04-27,IT,Italy,EURO,2324.0,197675.0,260.0,26644.0,120157.26021347154,12226.358293707222
90,2020-04-28,IT,Italy,EURO,1739.0,199414.0,333.0,26977.0,121286.12540695776,12444.628875664874
91,2020-04-29,IT,Italy,EURO,2091.0,201505.0,382.0,27359.0,122440.35730127204,12667.804210415548
92,2020-04-30,IT,Italy,EURO,2086.0,203591.0,323.0,27682.0,123620.23774967302,12895.938795211465
93,2020-05-01,IT,Italy,EURO,1872.0,205463.0,285.0,27967.0,124826.04860458482,13129.087127295994
94,2020-05-02,IT,Italy,EURO,1965.0,207428.0,269.0,28236.0,126058.0717171799,13367.303703925778
95,2020-05-03,IT,Italy,EURO,1900.0,209328.0,474.0,28710.0,127316.58894035924,13610.643022363745
96,2020-05-04,IT,Italy,EURO,1389.0,210717.0,174.0,28884.0,128601.88212601055,13859.15957986002
97,2020-05-05,IT,Italy,EURO,1221.0,211938.0,195.0,29079.0,129914.23312697519,14112.907873660764
98,2020-05-06,IT,Italy,EURO,1075.0,213013.0,236.0,29315.0,131253.9237954389,14371.942401014707
99,2020-05-07,IT,Italy,EURO,1444.0,214457.0,369.0,29684.0,132621.23598305095,14636.317659191061
100,2020-05-08,IT,Italy,EURO,1401.0,215858.0,274.0,29958.0,134016.4515421163,14906.088145427379
101,2020-05-09,IT,Italy,EURO,1327.0,217185.0,243.0,30201.0,135439.85232529748,15181.308356985423
102,2020-05-10,IT,Italy,EURO,1083.0,218268.0,194.0,30395.0,136891.7201840054,15462.032791118576
103,2020-05-11,IT,Italy,EURO,802.0,219070.0,165.0,30560.0,138372.3369726311,15748.31594508092
104,2020-05-12,IT,Italy,EURO,744.0,219814.0,179.0,30739.0,139881.98454061855,16040.212316120482
105,2020-05-13,IT,Italy,EURO,1402.0,221216.0,172.0,30911.0,141420.94474134553,16337.776401496465
106,2020-05-14,IT,Italy,EURO,888.0,222104.0,195.0,31106.0,142989.499427117,16641.06269845969
107,2020-05-15,IT,Italy,EURO,992.0,223096.0,262.0,31368.0,144587.93045113195,16950.125704253063
108,2020-05-16,IT,Italy,EURO,789.0,223885.0,242.0,31610.0,146216.5196654569,17265.019916150224
109,2020-05-17,IT,Italy,EURO,875.0,224760.0,153.0,31763.0,147875.54891977418,17585.799831394543
110,2020-05-18,IT,Italy,EURO,675.0,225435.0,145.0,31908.0,149565.3000684749,17912.519947236375
111,2020-05-19,IT,Italy,EURO,451.0,225886.0,99.0,32007.0,151286.05496368516,18245.234760933527
112,2020-05-20,IT,Italy,EURO,813.0,226699.0,162.0,32169.0,153038.09545836557,18583.998769729835
113,2020-05-21,IT,Italy,EURO,665.0,227364.0,161.0,32330.0,154821.70340345014,18928.866470881243
114,2020-05-22,IT,Italy,EURO,642.0,228006.0,156.0,32486.0,156637.16065142263,19279.892361653474
115,2020-05-23,IT,Italy,EURO,652.0,228658.0,130.0,32616.0,158484.7490536939,19637.130939283845
116,2020-05-24,IT,Italy,EURO,669.0,229327.0,119.0,32735.0,160364.75046441663,20000.63670104739
117,2020-05-25,IT,Italy,EURO,531.0,229858.0,50.0,32785.0,162277.44673416723,20370.46414415675
118,2020-05-26,IT,Italy,EURO,300.0,230158.0,92.0,32877.0,164223.11971721757,20746.667765907914
119,2020-05-27,IT,Italy,EURO,397.0,230555.0,78.0,32955.0,166202.0512633096,21129.302063533076
120,2020-05-28,IT,Italy,EURO,584.0,231139.0,117.0,33072.0,168214.5232264768,21518.421534307272
121,2020-05-29,IT,Italy,EURO,593.0,231732.0,70.0,33142.0,170260.81745705713,21914.080675441277
122,2020-05-30,IT,Italy,EURO,516.0,232248.0,87.0,33229.0,172341.21580991853,22316.33398421944
123,2020-05-31,IT,Italy,EURO,416.0,232664.0,111.0,33340.0,174456.00013706792,22725.235957896773
124,2020-06-01,IT,Italy,EURO,355.0,233019.0,75.0,33415.0,176605.45228753198,23140.84109371106
125,2020-06-02,IT,Italy,EURO,178.0,233197.0,60.0,33475.0,178789.85411617864,23563.20388892849
126,2020-06-03,IT,Italy,EURO,318.0,233515.0,55.0,33530.0,181009.48747501482,23992.378840805468
127,2020-06-04,IT,Italy,EURO,321.0,233836.0,71.0,33601.0,183264.63421604742,24428.420446566277
128,2020-06-05,IT,Italy,EURO,177.0,234013.0,88.0,33689.0,185555.57619104494,24871.38320348502
129,2020-06-06,IT,Italy,EURO,518.0,234531.0,85.0,33774.0,187882.59525296796,25321.32160881904
130,2020-06-07,IT,Italy,EURO,270.0,234801.0,72.0,33846.0,190245.97325334657,25778.29015982707
131,2020-06-08,IT,Italy,EURO,197.0,234998.0,53.0,33899.0,192645.9920458566,26242.343353748292
132,2020-06-09,IT,Italy,EURO,280.0,235278.0,65.0,33964.0,195082.93348119367,26713.5356878163
133,2020-06-10,IT,Italy,EURO,283.0,235561.0,79.0,34043.0,197557.07941219915,27191.921659342916
134,2020-06-11,IT,Italy,EURO,202.0,235763.0,71.0,34114.0,200068.71168944944,27677.555765515164
135,2020-06-12,IT,Italy,EURO,379.0,236142.0,53.0,34167.0,202618.1121682893,28170.492503636488
136,2020-06-13,IT,Italy,EURO,163.0,236305.0,56.0,34223.0,205205.56270001043,28670.786370925576
137,2020-06-14,IT,Italy,EURO,346.0,236651.0,78.0,34301.0,207831.34513495077,29178.49186465793
138,2020-06-15,IT,Italy,EURO,338.0,236989.0,44.0,34345.0,210495.74132630933,29693.663482095086
139,2020-06-16,IT,Italy,EURO,301.0,237290.0,26.0,34371.0,213199.03312847723,30216.35572045014
140,2020-06-17,IT,Italy,EURO,210.0,237500.0,34.0,34405.0,215941.50238940824,30746.62307701909
141,2020-06-18,IT,Italy,EURO,328.0,237828.0,43.0,34448.0,218723.43096540082,31284.520049029
142,2020-06-19,IT,Italy,EURO,331.0,238159.0,66.0,34514.0,221545.10070822347,31830.101133723714
143,2020-06-20,IT,Italy,EURO,-148.0,238011.0,47.0,34561.0,224406.79346702207,32383.420828402013
144,2020-06-21,IT,Italy,EURO,264.0,238275.0,49.0,34610.0,227308.7910973798,32944.53363026769
145,2020-06-22,IT,Italy,EURO,224.0,238499.0,24.0,34634.0,230251.375448681,33513.4940366158
146,2020-06-23,IT,Italy,EURO,221.0,238720.0,23.0,34657.0,233234.8283757936,34090.35654465479
147,2020-06-24,IT,Italy,EURO,113.0,238833.0,18.0,34675.0,236259.4317297708,34675.17565168251
148,2020-06-25,IT,Italy,EURO,577.0,239410.0,-31.0,34644.0,239325.4673621427,35268.005854921386
149,2020-06-26,IT,Italy,EURO,296.0,239706.0,34.0,34678.0,242433.21712658514,35868.90165161897
150,2020-06-27,IT,Italy,EURO,255.0,239961.0,30.0,34708.0,245582.96287438978,36477.91753907685
151,2020-06-28,IT,Italy,EURO,175.0,240136.0,8.0,34716.0,248774.98645660985,37095.10801449415
152,2020-06-29,IT,Italy,EURO,174.0,240310.0,22.0,34738.0,252009.56972978223,37720.52757514917
153,2020-06-30,IT,Italy,EURO,126.0,240436.0,6.0,34744.0,255286.9945404302,38354.230718284816
154,2020-07-01,IT,Italy,EURO,142.0,240578.0,23.0,34767.0,258607.54274723638,38996.27194117007
155,2020-07-02,IT,Italy,EURO,182.0,240760.0,21.0,34788.0,261971.49619648565,39646.70574107111
156,2020-07-03,IT,Italy,EURO,201.0,240961.0,30.0,34818.0,265379.13674209226,40305.586615179636
157,2020-07-04,IT,Italy,EURO,223.0,241184.0,15.0,34833.0,268830.7462405931,40972.96906080746
158,2020-07-05,IT,Italy,EURO,235.0,241419.0,21.0,34854.0,272326.6065356504,41648.90757518631
159,2020-07-06,IT,Italy,EURO,192.0,241611.0,7.0,34861.0,275866.99948690046,42333.456655575865
160,2020-07-07,IT,Italy,EURO,208.0,241819.0,8.0,34869.0,279452.2069461118,43026.670799207845
161,2020-07-08,IT,Italy,EURO,137.0,241956.0,30.0,34899.0,283082.51076028455,43728.60450335589
162,2020-07-09,IT,Italy,EURO,193.0,242149.0,15.0,34914.0,286758.19278571714,44439.31226528619
163,2020-07-10,IT,Italy,EURO,214.0,242363.0,12.0,34926.0,290479.5348732244,45158.84858223048
164,2020-07-11,IT,Italy,EURO,276.0,242639.0,12.0,34938.0,294246.81887767423,45887.26795141955
165,2020-07-12,IT,Italy,EURO,188.0,242827.0,7.0,34945.0,298060.3266522657,46624.624870216445
166,2020-07-13,IT,Italy,EURO,234.0,243061.0,9.0,34954.0,301920.3400408994,47370.97383571227
167,2020-07-14,IT,Italy,EURO,169.0,243230.0,13.0,34967.0,305827.1409041654,48126.36934523654
168,2020-07-15,IT,Italy,EURO,114.0,243344.0,17.0,34984.0,309781.0110893022,48890.865896061034
169,2020-07-16,IT,Italy,EURO,162.0,243506.0,13.0,34997.0,313782.2324507009,49664.51798546125
170,2020-07-17,IT,Italy,EURO,230.0,243736.0,20.0,35017.0,317831.086842991,50447.3801106177
171,2020-07-18,IT,Italy,EURO,,,,,321927.8561138879,51239.50676880774
172,2020-07-19,IT,Italy,EURO,,,,,326072.82211969007,52040.95245736462
173,2020-07-20,IT,Italy,EURO,,,,,330266.2667064439,52851.77167342414
174,2020-07-21,IT,Italy,EURO,,,,,334508.4717340242,53672.01891425249
175,2020-07-22,IT,Italy,EURO,,,,,338799.71905276884,54501.7486771885
176,2020-07-23,IT,Italy,EURO,,,,,343140.2905111085,55341.015459401504
177,2020-07-24,IT,Italy,EURO,,,,,347530.4679612886,56189.87375820053
178,2020-07-25,IT,Italy,EURO,,,,,351970.53326079954,57048.37807083872
179,2020-07-26,IT,Italy,EURO,,,,,356460.76825854887,57916.58289452639
180,2020-07-27,IT,Italy,EURO,,,,,361001.45480868925,58794.54272649993
181,2020-07-28,IT,Italy,EURO,,,,,365592.874760605,59682.31206406091
182,2020-07-29,IT,Italy,EURO,,,,,370235.30996320356,60579.94540450533
183,2020-07-30,IT,Italy,EURO,,,,,374929.0422768365,61487.497245028586
184,2020-07-31,IT,Italy,EURO,,,,,379674.35355041135,62405.02208287266
185,2020-08-01,IT,Italy,EURO,,,,,384471.52563951124,63332.57441526276
186,2020-08-02,IT,Italy,EURO,,,,,389320.8403897058,64270.20873954889
187,2020-08-03,IT,Italy,EURO,,,,,394222.57965610136,65217.979552932055
188,2020-08-04,IT,Italy,EURO,,,,,399177.02529046644,66175.94135258716
189,2020-08-05,IT,Italy,EURO,,,,,404184.45914600004,67144.14863592942
190,2020-08-06,IT,Italy,EURO,,,,,409245.16307590116,68122.6559000909
191,2020-08-07,IT,Italy,EURO,,,,,414359.4189333688,69111.51764237692
192,2020-08-08,IT,Italy,EURO,,,,,419527.5085611116,70110.7883600611
193,2020-08-09,IT,Italy,EURO,,,,,424749.71382758726,71120.52255031277
194,2020-08-10,IT,Italy,EURO,,,,,430026.3165688287,72140.77471046706
195,2020-08-11,IT,Italy,EURO,,,,,435357.5986490022,73171.59933766161
196,2020-08-12,IT,Italy,EURO,,,,,440743.84191653837,74213.0509292986
197,2020-08-13,IT,Italy,EURO,,,,,446185.32821891416,75265.18398254734
198,2020-08-14,IT,Italy,EURO,,,,,451682.3394174348,76328.05299470943
199,2020-08-15,IT,Italy,EURO,,,,,457235.15735242475,77401.71246294116
200,2020-08-16,IT,Italy,EURO,,,,,462844.06388995756,78486.21688459997
