,Date_reported, Country_code, Country, WHO_region, New_cases, Cumulative_cases, New_deaths, Cumulative_deaths,PRED_CUMULATIVE_CASES,PRED_CUMULATIVE_DEATHS
0,2020-03-07,PE,Peru,AMRO,6.0,6.0,0.0,0.0,6.0099971706351925,-4.475072659477588
1,2020-03-08,PE,Peru,AMRO,0.0,6.0,0.0,0.0,6.198751697932626,-4.468947414626109
2,2020-03-09,PE,Peru,AMRO,1.0,7.0,0.0,0.0,7.520033389014661,-4.4260707006657505
3,2020-03-10,PE,Peru,AMRO,2.0,9.0,0.0,0.0,11.106369407665913,-4.309691048487094
4,2020-03-11,PE,Peru,AMRO,2.0,11.0,0.0,0.0,18.09028691767094,-4.083056988982888
5,2020-03-12,PE,Peru,AMRO,6.0,17.0,0.0,0.0,29.60431308281682,-3.7094170530390738
6,2020-03-13,PE,Peru,AMRO,5.0,22.0,0.0,0.0,46.78097506688096,-3.152019771553638
7,2020-03-14,PE,Peru,AMRO,6.0,28.0,0.0,0.0,70.75280003365265,-2.3741136754111505
8,2020-03-15,PE,Peru,AMRO,15.0,43.0,0.0,0.0,102.65231514692118,-1.3389472955199846
9,2020-03-16,PE,Peru,AMRO,28.0,71.0,0.0,0.0,143.61204757046858,-0.009769162724138525
10,2020-03-17,PE,Peru,AMRO,15.0,86.0,0.0,0.0,194.7645244680882,1.6501721920305261
11,2020-03-18,PE,Peru,AMRO,59.0,145.0,0.0,0.0,257.242273003498,3.677628237909106
12,2020-03-19,PE,Peru,AMRO,89.0,234.0,0.0,0.0,332.17782034060133,6.109350443914012
13,2020-03-20,PE,Peru,AMRO,0.0,234.0,2.0,2.0,420.7036936430361,8.982090279255248
14,2020-03-21,PE,Peru,AMRO,84.0,318.0,0.0,2.0,523.9524200747749,12.332599213053912
15,2020-03-22,PE,Peru,AMRO,0.0,318.0,0.0,2.0,643.0565267994082,16.197628714380627
16,2020-03-23,PE,Peru,AMRO,0.0,318.0,0.0,2.0,779.1485409809231,20.613930252183238
17,2020-03-24,PE,Peru,AMRO,98.0,416.0,3.0,5.0,933.3609897829576,25.618255296038953
18,2020-03-25,PE,Peru,AMRO,0.0,416.0,0.0,5.0,1106.8264003693023,31.247355314550006
19,2020-03-26,PE,Peru,AMRO,164.0,580.0,4.0,9.0,1300.677299903937,37.53798177714809
20,2020-03-27,PE,Peru,AMRO,0.0,580.0,0.0,9.0,1516.0462155502594,44.52688615258732
21,2020-03-28,PE,Peru,AMRO,0.0,580.0,0.0,9.0,1754.0656744723221,52.250819910397624
22,2020-03-29,PE,Peru,AMRO,55.0,635.0,2.0,11.0,2015.8682038335376,60.74653451961596
23,2020-03-30,PE,Peru,AMRO,36.0,671.0,0.0,11.0,2302.5863307983805,70.05078144872634
24,2020-03-31,PE,Peru,AMRO,181.0,852.0,0.0,11.0,2615.3525825303645,80.20031216765521
25,2020-04-01,PE,Peru,AMRO,213.0,1065.0,13.0,24.0,2955.2994861930915,91.23187814532314
26,2020-04-02,PE,Peru,AMRO,258.0,1323.0,0.0,24.0,3323.5595689498427,103.1822308503851
27,2020-04-03,PE,Peru,AMRO,0.0,1323.0,17.0,41.0,3721.265357965704,116.08812175237283
28,2020-04-04,PE,Peru,AMRO,91.0,1414.0,10.0,51.0,4149.549380403752,129.98630232077443
29,2020-04-05,PE,Peru,AMRO,181.0,1595.0,10.0,61.0,4609.54416342759,144.9135240240666
30,2020-04-06,PE,Peru,AMRO,151.0,1746.0,12.0,73.0,5102.382234200819,160.90653833138816
31,2020-04-07,PE,Peru,AMRO,535.0,2281.0,10.0,83.0,5629.196119888262,178.0020967117252
32,2020-04-08,PE,Peru,AMRO,280.0,2561.0,9.0,92.0,6191.118347652939,196.23695063380904
33,2020-04-09,PE,Peru,AMRO,393.0,2954.0,15.0,107.0,6789.281444658742,215.64785156995816
34,2020-04-10,PE,Peru,AMRO,1388.0,4342.0,14.0,121.0,7424.8179380692145,236.27155098465477
35,2020-04-11,PE,Peru,AMRO,914.0,5256.0,17.0,138.0,8098.860355048075,258.14480034895126
36,2020-04-12,PE,Peru,AMRO,641.0,5897.0,31.0,169.0,8812.541222759972,281.3043511327432
37,2020-04-13,PE,Peru,AMRO,951.0,6848.0,12.0,181.0,9566.993068368507,305.7869548038888
38,2020-04-14,PE,Peru,AMRO,671.0,7519.0,12.0,193.0,10363.34841903705,331.62936283352786
39,2020-04-15,PE,Peru,AMRO,0.0,7519.0,0.0,193.0,11202.739801927686,358.86832668817254
40,2020-04-16,PE,Peru,AMRO,2784.0,10303.0,37.0,230.0,12086.299744207628,387.54059783704173
41,2020-04-17,PE,Peru,AMRO,1172.0,11475.0,24.0,254.0,13015.160773037684,417.68292775181357
42,2020-04-18,PE,Peru,AMRO,2014.0,13489.0,46.0,300.0,13990.45541558413,449.33206789952413
43,2020-04-19,PE,Peru,AMRO,0.0,13489.0,0.0,300.0,15013.316199008126,482.52476974862105
44,2020-04-20,PE,Peru,AMRO,931.0,14420.0,48.0,348.0,16084.875650473854,517.2977847732708
45,2020-04-21,PE,Peru,AMRO,1208.0,15628.0,52.0,400.0,17206.266297149457,553.6878644333791
46,2020-04-22,PE,Peru,AMRO,697.0,16325.0,45.0,445.0,18378.620666192597,591.7317602061538
47,2020-04-23,PE,Peru,AMRO,1512.0,17837.0,39.0,484.0,19603.07128477258,631.466223559475
48,2020-04-24,PE,Peru,AMRO,1413.0,19250.0,46.0,530.0,20880.75068004847,672.9280059575848
49,2020-04-25,PE,Peru,AMRO,1664.0,20914.0,42.0,572.0,22212.791379182818,716.1538588733109
50,2020-04-26,PE,Peru,AMRO,734.0,21648.0,62.0,634.0,23600.325909350286,761.1805337789282
51,2020-04-27,PE,Peru,AMRO,3683.0,25331.0,66.0,700.0,25044.48679770039,808.0447821376018
52,2020-04-28,PE,Peru,AMRO,2186.0,27517.0,28.0,728.0,26546.406571404295,856.7833554194239
53,2020-04-29,PE,Peru,AMRO,1182.0,28699.0,54.0,782.0,28107.217757626655,907.4330050951556
54,2020-04-30,PE,Peru,AMRO,2491.0,31190.0,72.0,854.0,29728.052883531185,960.0304826353257
55,2020-05-01,PE,Peru,AMRO,2741.0,33931.0,89.0,943.0,31410.044476283467,1014.6125395093567
56,2020-05-02,PE,Peru,AMRO,3045.0,36976.0,108.0,1051.0,33154.325063035576,1071.2159271825385
57,2020-05-03,PE,Peru,AMRO,3483.0,40459.0,73.0,1124.0,34962.0271709666,1129.8773971261853
58,2020-05-04,PE,Peru,AMRO,2075.0,42534.0,76.0,1200.0,36834.28332722628,1190.6337008088758
59,2020-05-05,PE,Peru,AMRO,3394.0,45928.0,86.0,1286.0,38772.22605898998,1253.521589694852
60,2020-05-06,PE,Peru,AMRO,1444.0,47372.0,58.0,1344.0,40776.98789341211,1318.5778152674484
61,2020-05-07,PE,Peru,AMRO,3817.0,51189.0,100.0,1444.0,42849.70135766476,1385.8391289818846
62,2020-05-08,PE,Peru,AMRO,3628.0,54817.0,89.0,1533.0,44991.49897891165,1455.3422823101446
63,2020-05-09,PE,Peru,AMRO,3709.0,58526.0,94.0,1627.0,47203.51328431092,1527.1240267303237
64,2020-05-10,PE,Peru,AMRO,3321.0,61847.0,87.0,1714.0,49486.876801029066,1601.2211136868154
65,2020-05-11,PE,Peru,AMRO,3168.0,65015.0,100.0,1814.0,51842.722056236336,1677.6702946838504
66,2020-05-12,PE,Peru,AMRO,2292.0,67307.0,75.0,1889.0,54272.18157707549,1756.5083211760084
67,2020-05-13,PE,Peru,AMRO,1515.0,68822.0,72.0,1961.0,56776.387890726546,1837.7719446093124
68,2020-05-14,PE,Peru,AMRO,3237.0,72059.0,96.0,2057.0,59356.47352435927,1921.4979164935812
69,2020-05-15,PE,Peru,AMRO,4247.0,76306.0,112.0,2169.0,62013.571005136924,2007.7229882612755
70,2020-05-16,PE,Peru,AMRO,4298.0,80604.0,98.0,2267.0,64748.812860190155,2096.483911407953
71,2020-05-17,PE,Peru,AMRO,3891.0,84495.0,125.0,2392.0,67563.33161671016,2187.8174373945967
72,2020-05-18,PE,Peru,AMRO,4046.0,88541.0,131.0,2523.0,70458.25980188533,2281.7603176782886
73,2020-05-19,PE,Peru,AMRO,3732.0,92273.0,125.0,2648.0,73434.72994282677,2378.3493037452736
74,2020-05-20,PE,Peru,AMRO,2660.0,94933.0,141.0,2789.0,76493.87456675361,2477.6211470474536
75,2020-05-21,PE,Peru,AMRO,4550.0,99483.0,125.0,2914.0,79636.8262007723,2579.612599069327
76,2020-05-22,PE,Peru,AMRO,4537.0,104020.0,110.0,3024.0,82864.71737210195,2684.360411284566
77,2020-05-23,PE,Peru,AMRO,4749.0,108769.0,124.0,3148.0,86178.6806078574,2791.901335137505
78,2020-05-24,PE,Peru,AMRO,2929.0,111698.0,96.0,3244.0,89579.84843522705,2902.2721221217234
79,2020-05-25,PE,Peru,AMRO,4056.0,115754.0,129.0,3373.0,93069.35338138345,3015.5095236792276
80,2020-05-26,PE,Peru,AMRO,4205.0,119959.0,83.0,3456.0,96648.32797346658,3131.650291312677
81,2020-05-27,PE,Peru,AMRO,4020.0,123979.0,173.0,3629.0,100317.90473865553,3250.7311764776987
82,2020-05-28,PE,Peru,AMRO,5772.0,129751.0,159.0,3788.0,104079.21620410703,3372.7889306308516
83,2020-05-29,PE,Peru,AMRO,6154.0,135905.0,195.0,3983.0,107933.39489699736,3497.860305252443
84,2020-05-30,PE,Peru,AMRO,5874.0,141779.0,116.0,4099.0,111881.5733444786,3625.982051812536
85,2020-05-31,PE,Peru,AMRO,6506.0,148285.0,131.0,4230.0,115924.88407369911,3757.1909217718803
86,2020-06-01,PE,Peru,AMRO,7386.0,155671.0,141.0,4371.0,120064.45961187057,3891.5236666053115
87,2020-06-02,PE,Peru,AMRO,8805.0,164476.0,135.0,4506.0,124301.43248612083,4029.0170377895283
88,2020-06-03,PE,Peru,AMRO,5563.0,170039.0,128.0,4634.0,128636.93522359639,4169.70778680251
89,2020-06-04,PE,Peru,AMRO,4845.0,174884.0,133.0,4767.0,133072.1003515145,4313.632665068917
90,2020-06-05,PE,Peru,AMRO,4030.0,178914.0,127.0,4894.0,137608.0603970012,4460.828424083376
91,2020-06-06,PE,Peru,AMRO,4284.0,183198.0,137.0,5031.0,142245.94788722528,4611.331815331318
92,2020-06-07,PE,Peru,AMRO,4202.0,187400.0,131.0,5162.0,146986.8953493463,4765.179590265574
93,2020-06-08,PE,Peru,AMRO,4358.0,191758.0,139.0,5301.0,151832.03531056477,4922.408500388805
94,2020-06-09,PE,Peru,AMRO,4757.0,196515.0,164.0,5465.0,156782.50029798617,5083.0552970921435
95,2020-06-10,PE,Peru,AMRO,3181.0,199696.0,106.0,5571.0,161839.42283878868,5247.156731919227
96,2020-06-11,PE,Peru,AMRO,4040.0,203736.0,167.0,5738.0,167003.9354601933,5414.749556277022
97,2020-06-12,PE,Peru,AMRO,5087.0,208823.0,165.0,5903.0,172277.17068926638,5585.870521700317
98,2020-06-13,PE,Peru,AMRO,5965.0,214788.0,206.0,6109.0,177660.26105326807,5760.556379602831
99,2020-06-14,PE,Peru,AMRO,5961.0,220749.0,199.0,6308.0,183154.339079343,5938.843881493276
100,2020-06-15,PE,Peru,AMRO,4383.0,225132.0,190.0,6498.0,188760.5372946078,6120.769778847769
101,2020-06-16,PE,Peru,AMRO,4604.0,229736.0,190.0,6688.0,194479.9882262463,6306.370823079096
102,2020-06-17,PE,Peru,AMRO,3256.0,232992.0,172.0,6860.0,200313.82440140864,6495.683765717158
103,2020-06-18,PE,Peru,AMRO,4164.0,237156.0,196.0,7056.0,206263.17834728604,6688.745358168688
104,2020-06-19,PE,Peru,AMRO,3752.0,240908.0,201.0,7257.0,212329.1825910399,6885.592351971734
105,2020-06-20,PE,Peru,AMRO,3480.0,244388.0,204.0,7461.0,218512.96965988,7086.261498566093
106,2020-06-21,PE,Peru,AMRO,3537.0,247925.0,199.0,7660.0,224815.67208081877,7290.789549377589
107,2020-06-22,PE,Peru,AMRO,3413.0,251338.0,201.0,7861.0,231238.42238121128,7499.213255973142
108,2020-06-23,PE,Peru,AMRO,3598.0,254936.0,184.0,8045.0,237782.353088055,7711.569369698949
109,2020-06-24,PE,Peru,AMRO,2511.0,257447.0,178.0,8223.0,244448.59672859704,7927.894642123794
110,2020-06-25,PE,Peru,AMRO,3363.0,260810.0,181.0,8404.0,251238.28583007326,8148.225824691197
111,2020-06-26,PE,Peru,AMRO,3879.0,264689.0,182.0,8586.0,258152.5529194439,8372.59966882931
112,2020-06-27,PE,Peru,AMRO,3913.0,268602.0,175.0,8761.0,265192.53052409017,8601.05292607665
113,2020-06-28,PE,Peru,AMRO,3762.0,272364.0,178.0,8939.0,272359.35117110633,8833.622347840183
114,2020-06-29,PE,Peru,AMRO,3625.0,275989.0,196.0,9135.0,279654.14738753834,9070.344685625825
115,2020-06-30,PE,Peru,AMRO,3430.0,279419.0,182.0,9317.0,287078.0517006854,9311.256690858472
116,2020-07-01,PE,Peru,AMRO,2946.0,282365.0,187.0,9504.0,294632.1966376158,9556.395115087349
117,2020-07-02,PE,Peru,AMRO,2848.0,285213.0,173.0,9677.0,302317.7147255803,9805.796709697768
118,2020-07-03,PE,Peru,AMRO,3264.0,288477.0,183.0,9860.0,310135.7384917254,10059.49822617516
119,2020-07-04,PE,Peru,AMRO,3527.0,292004.0,185.0,10045.0,318087.4004631678,10317.53641603196
120,2020-07-05,PE,Peru,AMRO,3595.0,295599.0,181.0,10226.0,326173.8331671024,10579.94803075593
121,2020-07-06,PE,Peru,AMRO,3481.0,299080.0,186.0,10412.0,334396.1691307428,10846.769821758922
122,2020-07-07,PE,Peru,AMRO,3638.0,302718.0,177.0,10589.0,342755.5408811236,11118.03854047142
123,2020-07-08,PE,Peru,AMRO,2985.0,305703.0,183.0,10772.0,351253.08094564104,11393.79093839189
124,2020-07-09,PE,Peru,AMRO,3575.0,309278.0,180.0,10952.0,359889.92185109877,11674.0637670975
125,2020-07-10,PE,Peru,AMRO,3633.0,312911.0,181.0,11133.0,368667.1961249525,11958.893777944222
126,2020-07-11,PE,Peru,AMRO,3537.0,316448.0,181.0,11314.0,377586.0362942929,12248.317722458933
127,2020-07-12,PE,Peru,AMRO,3198.0,319646.0,186.0,11500.0,386647.5748862589,12542.372352018096
128,2020-07-13,PE,Peru,AMRO,3064.0,322710.0,182.0,11682.0,395852.9444280381,12841.094418110866
129,2020-07-14,PE,Peru,AMRO,3616.0,326326.0,188.0,11870.0,405203.277446721,13144.52067240987
130,2020-07-15,PE,Peru,AMRO,3797.0,330123.0,184.0,12054.0,414699.70646969625,13452.687866087146
131,2020-07-16,PE,Peru,AMRO,3744.0,333867.0,175.0,12229.0,424343.3640237863,13765.632750833016
132,2020-07-17,PE,Peru,AMRO,3857.0,337724.0,188.0,12417.0,434135.3826364095,14083.39207802441
133,2020-07-18,PE,Peru,AMRO,3862.0,341586.0,198.0,12615.0,444076.8948346267,14406.0025990187
134,2020-07-19,PE,Peru,AMRO,3951.0,345537.0,184.0,12799.0,454169.0331456179,14733.501065490842
135,2020-07-20,PE,Peru,AMRO,3963.0,349500.0,199.0,12998.0,464412.93009660044,15065.924228893202
136,2020-07-21,PE,Peru,AMRO,4090.0,353590.0,189.0,13187.0,474809.71821467974,15403.308840564992
137,2020-07-22,PE,Peru,AMRO,,,,,485360.53002702096,15745.691652013064
138,2020-07-23,PE,Peru,AMRO,,,,,496066.49806090095,16093.109414706547
139,2020-07-24,PE,Peru,AMRO,,,,,506928.7548432241,16445.59888020072
140,2020-07-25,PE,Peru,AMRO,,,,,517948.4329013268,16803.196799879966
141,2020-07-26,PE,Peru,AMRO,,,,,529126.6647624264,17165.939925314
142,2020-07-27,PE,Peru,AMRO,,,,,540464.5829534868,17533.865007773114
143,2020-07-28,PE,Peru,AMRO,,,,,551963.3200020308,17907.00879883401
144,2020-07-29,PE,Peru,AMRO,,,,,563624.0084348882,18285.40805004265
145,2020-07-30,PE,Peru,AMRO,,,,,575447.7807793433,18669.099512749424
146,2020-07-31,PE,Peru,AMRO,,,,,587435.7695624197,19058.11993857853
147,2020-08-01,PE,Peru,AMRO,,,,,599589.1073116104,19452.506078868246
148,2020-08-02,PE,Peru,AMRO,,,,,611908.9265538345,19852.29468499597
149,2020-08-03,PE,Peru,AMRO,,,,,624396.3598161081,20257.52250865016
150,2020-08-04,PE,Peru,AMRO,,,,,637052.5396259839,20668.22630117096
151,2020-08-05,PE,Peru,AMRO,,,,,649878.5985104854,21084.442814149035
152,2020-08-06,PE,Peru,AMRO,,,,,662875.6689966212,21506.20879889287
153,2020-08-07,PE,Peru,AMRO,,,,,676044.883611534,21933.56100679848
154,2020-08-08,PE,Peru,AMRO,,,,,689387.3748826648,22366.536189716382
155,2020-08-09,PE,Peru,AMRO,,,,,702904.2753368283,22805.171098741775
156,2020-08-10,PE,Peru,AMRO,,,,,716596.7175016219,23249.50248559013
157,2020-08-11,PE,Peru,AMRO,,,,,730465.8339036966,23699.567101497276
158,2020-08-12,PE,Peru,AMRO,,,,,744512.7570708732,24155.401698050162
159,2020-08-13,PE,Peru,AMRO,,,,,758738.6195296312,24617.043026872983
160,2020-08-14,PE,Peru,AMRO,,,,,773144.5538075382,25084.527839117756
161,2020-08-15,PE,Peru,AMRO,,,,,787731.6924316848,25557.892886477595
162,2020-08-16,PE,Peru,AMRO,,,,,802501.1679290498,26037.17492043793
163,2020-08-17,PE,Peru,AMRO,,,,,817454.1128268952,26522.410692311896
164,2020-08-18,PE,Peru,AMRO,,,,,832591.6596526618,27013.636953663154
165,2020-08-19,PE,Peru,AMRO,,,,,847914.9409330601,27510.89045591194
166,2020-08-20,PE,Peru,AMRO,,,,,863425.0891957844,28014.207950635886
