,Date_reported, Country_code, Country, WHO_region, New_cases, Cumulative_cases, New_deaths, Cumulative_deaths,PRED_CUMULATIVE_CASES,PRED_CUMULATIVE_DEATHS
0,2020-02-02,ES,Spain,EURO,1.0,1.0,0.0,0.0,51002.438840595256,10370.87546476672
1,2020-02-03,ES,Spain,EURO,0.0,1.0,0.0,0.0,51002.517316388316,10370.881747795702
2,2020-02-04,ES,Spain,EURO,0.0,1.0,0.0,0.0,51003.06664693975,10370.92572899858
3,2020-02-05,ES,Spain,EURO,0.0,1.0,0.0,0.0,51004.5576870079,10371.045106549249
4,2020-02-06,ES,Spain,EURO,0.0,1.0,0.0,0.0,51007.46129135117,10371.277578621604
5,2020-02-07,ES,Spain,EURO,0.0,1.0,0.0,0.0,51012.24831472789,10371.660843389542
6,2020-02-08,ES,Spain,EURO,0.0,1.0,0.0,0.0,51019.38961189645,10372.232599026956
7,2020-02-09,ES,Spain,EURO,0.0,1.0,0.0,0.0,51029.3560376152,10373.030543707744
8,2020-02-10,ES,Spain,EURO,1.0,2.0,0.0,0.0,51042.618446642526,10374.0923756058
9,2020-02-11,ES,Spain,EURO,0.0,2.0,0.0,0.0,51059.64769373678,10375.455792895018
10,2020-02-12,ES,Spain,EURO,0.0,2.0,0.0,0.0,51080.914633656335,10377.158493749297
11,2020-02-13,ES,Spain,EURO,0.0,2.0,1.0,1.0,51106.890121159544,10379.238176342531
12,2020-02-14,ES,Spain,EURO,0.0,2.0,0.0,1.0,51138.04501100479,10381.732538848615
13,2020-02-15,ES,Spain,EURO,0.0,2.0,0.0,1.0,51174.85015795044,10384.679279441443
14,2020-02-16,ES,Spain,EURO,0.0,2.0,0.0,1.0,51217.77641675484,10388.116096294914
15,2020-02-17,ES,Spain,EURO,0.0,2.0,0.0,1.0,51267.294642176385,10392.08068758292
16,2020-02-18,ES,Spain,EURO,0.0,2.0,0.0,1.0,51323.8756889734,10396.61075147936
17,2020-02-19,ES,Spain,EURO,0.0,2.0,0.0,1.0,51387.99041190429,10401.743986158126
18,2020-02-20,ES,Spain,EURO,0.0,2.0,0.0,1.0,51460.10966572743,10407.518089793115
19,2020-02-21,ES,Spain,EURO,0.0,2.0,0.0,1.0,51540.704305201136,10413.970760558224
20,2020-02-22,ES,Spain,EURO,0.0,2.0,0.0,1.0,51630.24518508386,10421.139696627346
21,2020-02-23,ES,Spain,EURO,0.0,2.0,0.0,1.0,51729.2031601339,10429.062596174377
22,2020-02-24,ES,Spain,EURO,0.0,2.0,0.0,1.0,51838.04908510958,10437.777157373213
23,2020-02-25,ES,Spain,EURO,0.0,2.0,0.0,1.0,51957.253814769305,10447.32107839775
24,2020-02-26,ES,Spain,EURO,1.0,3.0,0.0,1.0,52087.28820387154,10457.732057421881
25,2020-02-27,ES,Spain,EURO,9.0,12.0,0.0,1.0,52228.623107174506,10469.047792619505
26,2020-02-28,ES,Spain,EURO,13.0,25.0,0.0,1.0,52381.729379436714,10481.305982164517
27,2020-02-29,ES,Spain,EURO,7.0,32.0,0.0,1.0,52547.07787541638,10494.54432423081
28,2020-03-01,ES,Spain,EURO,13.0,45.0,0.0,1.0,52725.139449871895,10508.800516992278
29,2020-03-02,ES,Spain,EURO,21.0,66.0,0.0,1.0,52916.38495756174,10524.112258622823
30,2020-03-03,ES,Spain,EURO,48.0,114.0,1.0,2.0,53121.28525324429,10540.517247296333
31,2020-03-04,ES,Spain,EURO,37.0,151.0,2.0,4.0,53340.31119167778,10558.053181186708
32,2020-03-05,ES,Spain,EURO,49.0,200.0,1.0,5.0,53573.93362762043,10576.757758467844
33,2020-03-06,ES,Spain,EURO,61.0,261.0,3.0,8.0,53822.62341583098,10596.668677313637
34,2020-03-07,ES,Spain,EURO,113.0,374.0,3.0,11.0,54086.85141106756,10617.823635897981
35,2020-03-08,ES,Spain,EURO,0.0,374.0,14.0,25.0,54367.08846808896,10640.26033239477
36,2020-03-09,ES,Spain,EURO,0.0,374.0,16.0,41.0,54663.80544165269,10664.016464977893
37,2020-03-10,ES,Spain,EURO,650.0,1024.0,26.0,67.0,54977.473186517636,10689.129731821258
38,2020-03-11,ES,Spain,EURO,598.0,1622.0,35.0,102.0,55308.56255744231,10715.637831098762
39,2020-03-12,ES,Spain,EURO,518.0,2140.0,55.0,157.0,55657.544409185095,10743.57846098428
40,2020-03-13,ES,Spain,EURO,825.0,2965.0,78.0,235.0,56024.889596504116,10772.989319651733
41,2020-03-14,ES,Spain,EURO,1266.0,4231.0,104.0,339.0,56411.06897415756,10803.908105274999
42,2020-03-15,ES,Spain,EURO,1522.0,5753.0,129.0,468.0,56816.55339690439,10836.372516027983
43,2020-03-16,ES,Spain,EURO,2000.0,7753.0,176.0,644.0,57241.81371950193,10870.420250084577
44,2020-03-17,ES,Spain,EURO,1438.0,9191.0,186.0,830.0,57687.32079670987,10906.089005618667
45,2020-03-18,ES,Spain,EURO,1987.0,11178.0,234.0,1064.0,58153.54548328613,10943.416480804171
46,2020-03-19,ES,Spain,EURO,2538.0,13716.0,307.0,1371.0,58640.958633987626,10982.440373814969
47,2020-03-20,ES,Spain,EURO,3431.0,17147.0,418.0,1789.0,59150.031103574845,11023.198382824945
48,2020-03-21,ES,Spain,EURO,2833.0,19980.0,494.0,2283.0,59681.233746805505,11065.728206008018
49,2020-03-22,ES,Spain,EURO,4946.0,24926.0,535.0,2818.0,60235.037418437765,11110.067541538072
50,2020-03-23,ES,Spain,EURO,3646.0,28572.0,659.0,3477.0,60811.91297322926,11156.254087589008
51,2020-03-24,ES,Spain,EURO,4517.0,33089.0,707.0,4184.0,61412.331265939414,11204.32554233472
52,2020-03-25,ES,Spain,EURO,6584.0,39673.0,782.0,4966.0,62036.76315132691,11254.319603949096
53,2020-03-26,ES,Spain,EURO,7937.0,47610.0,843.0,5809.0,62685.6794841478,11306.273970606038
54,2020-03-27,ES,Spain,EURO,8578.0,56188.0,877.0,6686.0,63359.55111916424,11360.226340479443
55,2020-03-28,ES,Spain,EURO,7871.0,64059.0,814.0,7500.0,64058.84891113107,11416.214411743194
56,2020-03-29,ES,Spain,EURO,8189.0,72248.0,788.0,8288.0,64784.04371480839,11474.275882571194
57,2020-03-30,ES,Spain,EURO,6549.0,78797.0,888.0,9176.0,65535.60638495437,11534.448451137347
58,2020-03-31,ES,Spain,EURO,6398.0,85195.0,870.0,10046.0,66314.00777632714,11596.769815615546
59,2020-04-01,ES,Spain,EURO,9222.0,94417.0,868.0,10914.0,67119.71874368461,11661.277674179662
60,2020-04-02,ES,Spain,EURO,7719.0,102136.0,814.0,11728.0,67953.21014178754,11728.009725003625
61,2020-04-03,ES,Spain,EURO,8102.0,110238.0,759.0,12487.0,68814.95282538896,11797.003666261324
62,2020-04-04,ES,Spain,EURO,7472.0,117710.0,708.0,13195.0,69705.41764925545,11868.297196126628
63,2020-04-05,ES,Spain,EURO,7026.0,124736.0,724.0,13919.0,70625.07546813742,11941.928012773478
64,2020-04-06,ES,Spain,EURO,6023.0,130759.0,733.0,14652.0,71574.39713679662,12017.933814375716
65,2020-04-07,ES,Spain,EURO,4273.0,135032.0,713.0,15365.0,72553.85350999341,12096.352299107315
66,2020-04-08,ES,Spain,EURO,5478.0,140510.0,713.0,16078.0,73563.91544248108,12177.221165142062
67,2020-04-09,ES,Spain,EURO,6180.0,146690.0,642.0,16720.0,74605.05378902235,12260.578110653936
68,2020-04-10,ES,Spain,EURO,5756.0,152446.0,643.0,17363.0,75677.73940437366,12346.460833816813
69,2020-04-11,ES,Spain,EURO,4576.0,157022.0,593.0,17956.0,76782.44314329643,12434.907032804545
70,2020-04-12,ES,Spain,EURO,4830.0,161852.0,521.0,18477.0,77919.63586054489,12525.954405791123
71,2020-04-13,ES,Spain,EURO,4167.0,166019.0,563.0,19040.0,79089.78841087723,12619.6406509503
72,2020-04-14,ES,Spain,EURO,3477.0,169496.0,575.0,19615.0,80293.37164905472,12716.003466456104
73,2020-04-15,ES,Spain,EURO,6538.0,176034.0,526.0,20141.0,81530.85642983453,12815.080550482386
74,2020-04-16,ES,Spain,EURO,4040.0,180074.0,463.0,20604.0,82802.71360797432,12916.909601203037
75,2020-04-17,ES,Spain,EURO,4400.0,184474.0,476.0,21080.0,84109.41403823573,13021.52831679194
76,2020-04-18,ES,Spain,EURO,4104.0,188578.0,410.0,21490.0,85451.42857537168,13128.974395423058
77,2020-04-19,ES,Spain,EURO,2213.0,190791.0,375.0,21865.0,86829.2280741462,13239.285535270126
78,2020-04-20,ES,Spain,EURO,2585.0,193376.0,359.0,22224.0,88243.28338931399,13352.499434507205
79,2020-04-21,ES,Spain,EURO,3352.0,196728.0,396.0,22620.0,89694.06537563313,13468.653791308165
80,2020-04-22,ES,Spain,EURO,2627.0,199355.0,318.0,22938.0,91182.04488786613,13587.786303846824
81,2020-04-23,ES,Spain,EURO,3052.0,202407.0,300.0,23238.0,92707.69278076655,13709.934670297154
82,2020-04-24,ES,Spain,EURO,2767.0,205174.0,313.0,23551.0,94271.4799090937,13835.13658883295
83,2020-04-25,ES,Spain,EURO,2944.0,208118.0,280.0,23831.0,95873.87712760581,13963.429757628204
84,2020-04-26,ES,Spain,EURO,1346.0,209464.0,465.0,24296.0,97515.35529106832,14094.851874856822
85,2020-04-27,ES,Spain,EURO,1729.0,211193.0,250.0,24546.0,99196.3852542302,14229.440638692693
86,2020-04-28,ES,Spain,EURO,1831.0,213024.0,247.0,24793.0,100917.43787184864,14367.233747309581
87,2020-04-29,ES,Spain,EURO,1308.0,214332.0,224.0,25017.0,102678.98399869088,14508.268898881452
88,2020-04-30,ES,Spain,EURO,2144.0,216476.0,206.0,25223.0,104481.49448951217,14652.583791582301
89,2020-05-01,ES,Spain,EURO,518.0,216994.0,170.0,25393.0,106325.44019906584,14800.216123585902
90,2020-05-02,ES,Spain,EURO,1781.0,218775.0,191.0,25584.0,108211.29198212226,14951.203593066337
91,2020-05-03,ES,Spain,EURO,1366.0,220141.0,185.0,25769.0,110139.52069342037,15105.583898197252
92,2020-05-04,ES,Spain,EURO,884.0,221025.0,177.0,25946.0,112110.59718773424,15263.394737152708
93,2020-05-05,ES,Spain,EURO,545.0,221570.0,175.0,26121.0,114124.99231981812,15424.673808106487
94,2020-05-06,ES,Spain,EURO,1318.0,222888.0,147.0,26268.0,116183.17694443194,15589.45880923252
95,2020-05-07,ES,Spain,EURO,996.0,223884.0,158.0,26426.0,118285.62191633275,15757.78743870477
96,2020-05-08,ES,Spain,EURO,1122.0,225006.0,140.0,26566.0,120432.79809027724,15929.697394697101
97,2020-05-09,ES,Spain,EURO,1410.0,226416.0,121.0,26687.0,122625.17632102472,16105.226375383472
98,2020-05-10,ES,Spain,EURO,721.0,227137.0,106.0,26793.0,124863.22746333532,16284.41207893754
99,2020-05-11,ES,Spain,EURO,460.0,227597.0,118.0,26911.0,127147.42237196572,16467.292203533467
100,2020-05-12,ES,Spain,EURO,615.0,228212.0,108.0,27019.0,129478.23190166726,16653.904447345034
101,2020-05-13,ES,Spain,EURO,708.0,228920.0,88.0,27107.0,131856.1269072097,16844.28650854607
102,2020-05-14,ES,Spain,EURO,719.0,229639.0,83.0,27190.0,134281.57824334851,17038.47608531073
103,2020-05-15,ES,Spain,EURO,695.0,230334.0,70.0,27260.0,136755.0567648384,17236.510875812655
104,2020-05-16,ES,Spain,EURO,316.0,230650.0,58.0,27318.0,139277.03332644847,17438.428578225736
105,2020-05-17,ES,Spain,EURO,224.0,230874.0,53.0,27371.0,141847.97878292057,17644.26689072381
106,2020-05-18,ES,Spain,EURO,572.0,231446.0,65.0,27436.0,144468.36398901558,17854.06351148127
107,2020-05-19,ES,Spain,EURO,762.0,232208.0,60.0,27496.0,147138.65979950962,18067.856138671483
108,2020-05-20,ES,Spain,EURO,667.0,232875.0,54.0,27550.0,149859.33706914715,18285.682470468506
109,2020-05-21,ES,Spain,EURO,706.0,233581.0,62.0,27612.0,152630.86665267905,18507.580205046146
110,2020-05-22,ES,Spain,EURO,741.0,234322.0,64.0,27676.0,155453.71940488176,18733.587040578517
111,2020-05-23,ES,Spain,EURO,289.0,234611.0,59.0,27735.0,158328.36618050857,18963.74067523938
112,2020-05-24,ES,Spain,EURO,234.0,234845.0,51.0,27786.0,161255.2778343003,19198.078807202517
113,2020-05-25,ES,Spain,EURO,518.0,235363.0,56.0,27842.0,164234.92522104265,19436.639134641988
114,2020-05-26,ES,Spain,EURO,678.0,236041.0,42.0,27884.0,167267.77919546817,19679.459355731742
115,2020-05-27,ES,Spain,EURO,581.0,236622.0,35.0,27919.0,170354.31061235454,19926.57716864554
116,2020-05-28,ES,Spain,EURO,624.0,237246.0,34.0,27953.0,173494.99032645032,20178.03027155733
117,2020-05-29,ES,Spain,EURO,679.0,237925.0,37.0,27990.0,176690.28919252282,20433.85636264104
118,2020-05-30,ES,Spain,EURO,330.0,238255.0,39.0,28029.0,179940.67806531006,20694.093140070272
119,2020-05-31,ES,Spain,EURO,160.0,238415.0,32.0,28061.0,183246.62779960467,20958.77830201946
120,2020-06-01,ES,Spain,EURO,335.0,238750.0,24.0,28085.0,186608.6092501335,21227.94954666197
121,2020-06-02,ES,Spain,EURO,460.0,239210.0,34.0,28119.0,190027.0932716588,21501.644572172096
122,2020-06-03,ES,Spain,EURO,578.0,239788.0,24.0,28143.0,193502.55071894493,21779.90107672356
123,2020-06-04,ES,Spain,EURO,489.0,240277.0,33.0,28176.0,197035.45244677417,22062.756758490184
124,2020-06-05,ES,Spain,EURO,626.0,240903.0,16.0,28192.0,200626.26930987678,22350.24931564599
125,2020-06-06,ES,Spain,EURO,243.0,241146.0,21.0,28213.0,204275.47216300218,22642.41644636499
126,2020-06-07,ES,Spain,EURO,139.0,241285.0,13.0,28226.0,207983.53186093253,22939.29584882079
127,2020-06-08,ES,Spain,EURO,338.0,241623.0,19.0,28245.0,211750.91925840493,23240.925221187368
128,2020-06-09,ES,Spain,EURO,411.0,242034.0,11.0,28256.0,215578.10521020606,23547.342261638692
129,2020-06-10,ES,Spain,EURO,434.0,242468.0,25.0,28281.0,219465.56057106628,23858.58466834898
130,2020-06-11,ES,Spain,EURO,353.0,242821.0,15.0,28296.0,223413.75619578053,24174.69013949148
131,2020-06-12,ES,Spain,EURO,456.0,243277.0,9.0,28305.0,227423.16293905576,24495.6963732403
132,2020-06-13,ES,Spain,EURO,106.0,243383.0,10.0,28315.0,231494.25165568193,24821.641067769462
133,2020-06-14,ES,Spain,EURO,80.0,243463.0,9.0,28324.0,235627.4932004164,25152.561921252764
134,2020-06-15,ES,Spain,EURO,264.0,243727.0,9.0,28333.0,239823.35842801194,25488.49663186445
135,2020-06-16,ES,Spain,EURO,355.0,244082.0,6.0,28339.0,244082.3181932412,25829.48289777773
136,2020-06-17,ES,Spain,EURO,329.0,244411.0,5.0,28344.0,248404.8433508225,26175.558417167467
137,2020-06-18,ES,Spain,EURO,368.0,244779.0,2.0,28346.0,252791.40475556412,26526.760888206278
138,2020-06-19,ES,Spain,EURO,335.0,245114.0,3.0,28349.0,257242.4732622046,26883.128009069336
139,2020-06-20,ES,Spain,EURO,231.0,245345.0,3.0,28352.0,261758.51972548832,27244.69747792959
140,2020-06-21,ES,Spain,EURO,180.0,245525.0,5.0,28357.0,266340.0150001923,27611.506992961946
141,2020-06-22,ES,Spain,EURO,230.0,245755.0,0.0,28357.0,270987.42994103726,27983.594252338808
142,2020-06-23,ES,Spain,EURO,415.0,246170.0,4.0,28361.0,275701.23540285096,28360.996954235365
143,2020-06-24,ES,Spain,EURO,346.0,246516.0,1.0,28362.0,280481.90224032936,28743.752796825258
144,2020-06-25,ES,Spain,EURO,344.0,246860.0,5.0,28367.0,285329.90130827104,29131.899478281804
145,2020-06-26,ES,Spain,EURO,476.0,247336.0,4.0,28371.0,290245.70346142066,29525.474696779587
146,2020-06-27,ES,Spain,EURO,241.0,247577.0,1.0,28372.0,295229.7795545095,29924.51615049205
147,2020-06-28,ES,Spain,EURO,195.0,247772.0,7.0,28379.0,300282.60044233553,30329.061537593458
148,2020-06-29,ES,Spain,EURO,247.0,248019.0,6.0,28385.0,305404.6369796277,30739.14855625726
149,2020-06-30,ES,Spain,EURO,433.0,248452.0,3.0,28388.0,310596.3600211847,31154.814904657407
150,2020-07-01,ES,Spain,EURO,407.0,248859.0,4.0,28392.0,315858.2404217191,31576.09828096849
151,2020-07-02,ES,Spain,EURO,467.0,249326.0,0.0,28392.0,321190.749036004,32003.03638336364
152,2020-07-03,ES,Spain,EURO,573.0,249899.0,1.0,28393.0,326594.3567188067,32435.666910017422
153,2020-07-04,ES,Spain,EURO,288.0,250187.0,3.0,28396.0,332069.5343248762,32874.02755910246
154,2020-07-05,ES,Spain,EURO,195.0,250382.0,0.0,28396.0,337616.7527090029,33318.15602879398
155,2020-07-06,ES,Spain,EURO,295.0,250677.0,2.0,28398.0,343236.4827259103,33768.09001726556
156,2020-07-07,ES,Spain,EURO,672.0,251349.0,2.0,28400.0,348929.1952303452,34223.867222690606
157,2020-07-08,ES,Spain,EURO,704.0,252053.0,2.0,28402.0,354695.3610770944,34685.5253432438
158,2020-07-09,ES,Spain,EURO,800.0,252853.0,0.0,28402.0,360535.4511208983,35153.10207709828
159,2020-07-10,ES,Spain,EURO,1055.0,253908.0,2.0,28404.0,366449.93621654477,35626.63512242849
160,2020-07-11,ES,Spain,EURO,480.0,254388.0,1.0,28405.0,372439.28721876227,36106.16217740756
161,2020-07-12,ES,Spain,EURO,323.0,254711.0,1.0,28406.0,378503.9749823147,36591.72094021013
162,2020-07-13,ES,Spain,EURO,263.0,254974.0,0.0,28406.0,384644.47036196565,37083.3491090102
163,2020-07-14,ES,Spain,EURO,979.0,255953.0,0.0,28406.0,390861.244212466,37581.084381981294
164,2020-07-15,ES,Spain,EURO,666.0,256619.0,3.0,28409.0,397154.76738858287,38084.96445729656
165,2020-07-16,ES,Spain,EURO,875.0,257494.0,4.0,28413.0,403525.51074508013,38595.0270331315
166,2020-07-17,ES,Spain,EURO,1361.0,258855.0,3.0,28416.0,409973.94513667974,39111.30980765859
167,2020-07-18,ES,Spain,EURO,,,,,416500.541418204,39633.85047905299
168,2020-07-19,ES,Spain,EURO,,,,,423105.7704443798,40162.68674548755
169,2020-07-20,ES,Spain,EURO,,,,,429790.1030699617,40697.85630513693
170,2020-07-21,ES,Spain,EURO,,,,,436554.0101496749,41239.39685617451
171,2020-07-22,ES,Spain,EURO,,,,,443397.962538304,41787.34609677347
172,2020-07-23,ES,Spain,EURO,,,,,450322.4310906224,42341.74172510962
173,2020-07-24,ES,Spain,EURO,,,,,457327.88666140096,42902.62143935541
174,2020-07-25,ES,Spain,EURO,,,,,464414.8001053603,43470.02293768458
175,2020-07-26,ES,Spain,EURO,,,,,471583.6422772791,44043.98391827241
176,2020-07-27,ES,Spain,EURO,,,,,478834.88403193065,44624.54207929138
177,2020-07-28,ES,Spain,EURO,,,,,486168.99622401566,45211.735118916185
178,2020-07-29,ES,Spain,EURO,,,,,493586.44970835996,45805.600735320186
179,2020-07-30,ES,Spain,EURO,,,,,501087.71533968643,46406.1766266785
180,2020-07-31,ES,Spain,EURO,,,,,508673.26397281134,47013.500491163664
181,2020-08-01,ES,Spain,EURO,,,,,516343.56646233465,47627.61002694965
182,2020-08-02,ES,Spain,EURO,,,,,524099.09366319625,48248.54293221097
183,2020-08-03,ES,Spain,EURO,,,,,531940.3164300448,48876.33690512125
184,2020-08-04,ES,Spain,EURO,,,,,539867.7056177072,49511.029643854636
185,2020-08-05,ES,Spain,EURO,,,,,547881.732080909,50152.658846584265
186,2020-08-06,ES,Spain,EURO,,,,,555982.8666743783,50801.262211484864
187,2020-08-07,ES,Spain,EURO,,,,,564171.5802529261,51456.87743673027
188,2020-08-08,ES,Spain,EURO,,,,,572448.3436712888,52119.542220493124
189,2020-08-09,ES,Spain,EURO,,,,,580813.6277842356,52789.294260949086
190,2020-08-10,ES,Spain,EURO,,,,,589267.9034464953,53466.17125627113
191,2020-08-11,ES,Spain,EURO,,,,,597811.6415128587,54150.21090463367
192,2020-08-12,ES,Spain,EURO,,,,,606445.3128380512,54841.45090420978
193,2020-08-13,ES,Spain,EURO,,,,,615169.388276865,55539.9289531743
194,2020-08-14,ES,Spain,EURO,,,,,623984.338684031,56245.68274970075
195,2020-08-15,ES,Spain,EURO,,,,,632890.6349143155,56958.7499919618
196,2020-08-16,ES,Spain,EURO,,,,,641888.7478225159,57679.16837813328
