,Date_reported, Country_code, Country, WHO_region, New_cases, Cumulative_cases, New_deaths, Cumulative_deaths,PRED_CUMULATIVE_CASES,PRED_CUMULATIVE_DEATHS
0,2020-01-28,DE,Germany,EURO,4.0,4.0,0.0,0.0,49103.17850804866,-0.6148760219093112
1,2020-01-29,DE,Germany,EURO,0.0,4.0,0.0,0.0,49103.22964742367,-0.6120756406904443
2,2020-01-30,DE,Germany,EURO,0.0,4.0,0.0,0.0,49103.58762304875,-0.5924729721583756
3,2020-01-31,DE,Germany,EURO,3.0,7.0,0.0,0.0,49104.55927117397,-0.5392657289998832
4,2020-02-01,DE,Germany,EURO,1.0,8.0,0.0,0.0,49106.4514280494,-0.435651623901826
5,2020-02-02,DE,Germany,EURO,2.0,10.0,0.0,0.0,49109.57092992505,-0.26482836955087374
6,2020-02-03,DE,Germany,EURO,0.0,10.0,0.0,0.0,49114.22461305112,-0.009993678633887226
7,2020-02-04,DE,Germany,EURO,2.0,12.0,0.0,0.0,49120.719313677626,0.3456547361622271
8,2020-02-05,DE,Germany,EURO,0.0,12.0,0.0,0.0,49129.36186805458,0.8189191621505707
9,2020-02-06,DE,Germany,EURO,1.0,13.0,0.0,0.0,49140.45911243224,1.4266018866446324
10,2020-02-07,DE,Germany,EURO,1.0,14.0,0.0,0.0,49154.317883059804,2.1855051969581885
11,2020-02-08,DE,Germany,EURO,0.0,14.0,0.0,0.0,49171.24501618973,3.11243138040244
12,2020-02-09,DE,Germany,EURO,0.0,14.0,0.0,0.0,49191.54734806837,4.224182724294081
13,2020-02-10,DE,Germany,EURO,0.0,14.0,0.0,0.0,49215.531714948986,5.537561515941262
14,2020-02-11,DE,Germany,EURO,2.0,16.0,0.0,0.0,49243.504953080395,7.069370042662995
15,2020-02-12,DE,Germany,EURO,0.0,16.0,0.0,0.0,49275.77389871191,8.836410591767958
16,2020-02-13,DE,Germany,EURO,0.0,16.0,0.0,0.0,49312.645388096,10.855485450569745
17,2020-02-14,DE,Germany,EURO,0.0,16.0,0.0,0.0,49354.4262574803,13.143396906384396
18,2020-02-15,DE,Germany,EURO,0.0,16.0,0.0,0.0,49401.423343117305,15.716947246522238
19,2020-02-16,DE,Germany,EURO,0.0,16.0,0.0,0.0,49453.943481255454,18.592938758303433
20,2020-02-17,DE,Germany,EURO,0.0,16.0,0.0,0.0,49512.293508137824,21.78817372903069
21,2020-02-18,DE,Germany,EURO,0.0,16.0,0.0,0.0,49576.78026002554,25.319454446020757
22,2020-02-19,DE,Germany,EURO,0.0,16.0,0.0,0.0,49647.71057317722,29.203583196584702
23,2020-02-20,DE,Germany,EURO,0.0,16.0,0.0,0.0,49725.39128381225,33.45736226805258
24,2020-02-21,DE,Germany,EURO,0.0,16.0,0.0,0.0,49810.129228206366,38.097593947717826
25,2020-02-22,DE,Germany,EURO,0.0,16.0,0.0,0.0,49902.23124259875,43.14108052290209
26,2020-02-23,DE,Germany,EURO,0.0,16.0,0.0,0.0,50002.00416325127,48.60462428089528
27,2020-02-24,DE,Germany,EURO,0.0,16.0,0.0,0.0,50109.75482640277,54.505027509049626
28,2020-02-25,DE,Germany,EURO,2.0,18.0,0.0,0.0,50225.79006830255,60.85909249466914
29,2020-02-26,DE,Germany,EURO,3.0,21.0,0.0,0.0,50350.41672520783,67.68362152504557
30,2020-02-27,DE,Germany,EURO,5.0,26.0,0.0,0.0,50483.941633354654,74.99541688750884
31,2020-02-28,DE,Germany,EURO,31.0,57.0,0.0,0.0,50626.67162902119,82.81128086937002
32,2020-02-29,DE,Germany,EURO,0.0,57.0,0.0,0.0,50778.913548427416,91.14801575792313
33,2020-03-01,DE,Germany,EURO,72.0,129.0,0.0,0.0,50940.97422784405,100.02242384051175
34,2020-03-02,DE,Germany,EURO,29.0,158.0,0.0,0.0,51113.160503501786,109.45130740444034
35,2020-03-03,DE,Germany,EURO,38.0,196.0,0.0,0.0,51295.779211664354,119.45146873702384
36,2020-03-04,DE,Germany,EURO,66.0,262.0,0.0,0.0,51489.13718859783,130.03971012554308
37,2020-03-05,DE,Germany,EURO,138.0,400.0,0.0,0.0,51693.541270509144,141.23283385742076
38,2020-03-06,DE,Germany,EURO,239.0,639.0,0.0,0.0,51909.29829370302,153.04764221979264
39,2020-03-07,DE,Germany,EURO,156.0,795.0,0.0,0.0,52136.71509438266,165.50093750010552
40,2020-03-08,DE,Germany,EURO,107.0,902.0,0.0,0.0,52376.09850876198,178.60952198561068
41,2020-03-09,DE,Germany,EURO,237.0,1139.0,2.0,2.0,52627.75537320577,192.39019796360668
42,2020-03-10,DE,Germany,EURO,157.0,1296.0,0.0,2.0,52891.99252386369,206.85976772153123
43,2020-03-11,DE,Germany,EURO,271.0,1567.0,1.0,3.0,53169.11679709774,222.03503354660467
44,2020-03-12,DE,Germany,EURO,0.0,1567.0,0.0,3.0,53459.435029077125,237.9327977260428
45,2020-03-13,DE,Germany,EURO,693.0,2260.0,0.0,3.0,53763.254055959886,254.56986254727514
46,2020-03-14,DE,Germany,EURO,1535.0,3795.0,5.0,8.0,54080.88071415738,271.9630302977858
47,2020-03-15,DE,Germany,EURO,1043.0,4838.0,4.0,12.0,54412.621839873274,290.129103264575
48,2020-03-16,DE,Germany,EURO,1174.0,6012.0,0.0,12.0,54758.784269310316,309.0848837351078
49,2020-03-17,DE,Germany,EURO,1144.0,7156.0,0.0,12.0,55119.674838848194,328.8471739965299
50,2020-03-18,DE,Germany,EURO,1042.0,8198.0,0.0,12.0,55495.60038444937,349.43277633658187
51,2020-03-19,DE,Germany,EURO,2801.0,10999.0,8.0,20.0,55886.86774271146,370.85849304215486
52,2020-03-20,DE,Germany,EURO,7324.0,18323.0,25.0,45.0,56293.78374966957,393.1411264005274
53,2020-03-21,DE,Germany,EURO,3140.0,21463.0,22.0,67.0,56716.65524166242,416.2974786993728
54,2020-03-22,DE,Germany,EURO,0.0,21463.0,0.0,67.0,57155.78905488156,440.3443522257622
55,2020-03-23,DE,Germany,EURO,3311.0,24774.0,27.0,94.0,57611.49202558935,465.2985492670742
56,2020-03-24,DE,Germany,EURO,4438.0,29212.0,32.0,126.0,58084.070990079796,491.1768721107183
57,2020-03-25,DE,Germany,EURO,2342.0,31554.0,23.0,149.0,58573.83278459289,517.9961230436402
58,2020-03-26,DE,Germany,EURO,4954.0,36508.0,49.0,198.0,59081.084245322054,545.7731043537297
59,2020-03-27,DE,Germany,EURO,5780.0,42288.0,55.0,253.0,59606.132208609735,574.5246183276158
60,2020-03-28,DE,Germany,EURO,6294.0,48582.0,72.0,325.0,60149.28351049662,604.2674672534358
61,2020-03-29,DE,Germany,EURO,3965.0,52547.0,64.0,389.0,60710.84498755053,635.0184534177333
62,2020-03-30,DE,Germany,EURO,4751.0,57298.0,66.0,455.0,61291.12347582892,666.7943791083253
63,2020-03-31,DE,Germany,EURO,4615.0,61913.0,128.0,583.0,61890.425811601584,699.6120466122247
64,2020-04-01,DE,Germany,EURO,5453.0,67366.0,149.0,732.0,62509.05883107871,733.4882582167502
65,2020-04-02,DE,Germany,EURO,6156.0,73522.0,140.0,872.0,63147.32937063814,768.4398162095476
66,2020-04-03,DE,Germany,EURO,6174.0,79696.0,145.0,1017.0,63805.544266411816,804.4835228774591
67,2020-04-04,DE,Germany,EURO,6082.0,85778.0,141.0,1158.0,64484.010354647195,841.6361805081888
68,2020-04-05,DE,Germany,EURO,5936.0,91714.0,184.0,1342.0,65183.03447167367,879.9145913888879
69,2020-04-06,DE,Germany,EURO,3677.0,95391.0,92.0,1434.0,65902.9234537238,919.3355578068858
70,2020-04-07,DE,Germany,EURO,3834.0,99225.0,173.0,1607.0,66643.98413697422,959.9158820495559
71,2020-04-08,DE,Germany,EURO,4003.0,103228.0,254.0,1861.0,67406.5233580114,1001.6723664040419
72,2020-04-09,DE,Germany,EURO,4974.0,108202.0,246.0,2107.0,68190.84795244203,1044.6218131577098
73,2020-04-10,DE,Germany,EURO,5323.0,113525.0,266.0,2373.0,68997.26475696058,1088.7810245982528
74,2020-04-11,DE,Germany,EURO,4133.0,117658.0,171.0,2544.0,69826.08060773254,1134.1668030127312
75,2020-04-12,DE,Germany,EURO,2821.0,120479.0,129.0,2673.0,70677.60234094203,1180.7959506880707
76,2020-04-13,DE,Germany,EURO,2537.0,123016.0,126.0,2799.0,71552.13679328353,1228.6852699117062
77,2020-04-14,DE,Germany,EURO,2082.0,125098.0,170.0,2969.0,72449.99080042333,1277.8515629711455
78,2020-04-15,DE,Germany,EURO,2486.0,127584.0,285.0,3254.0,73371.47119872064,1328.3116321542093
79,2020-04-16,DE,Germany,EURO,2866.0,130450.0,315.0,3569.0,74316.88482405782,1380.0822797472047
80,2020-04-17,DE,Germany,EURO,3380.0,133830.0,299.0,3868.0,75286.53851375521,1433.1803080382506
81,2020-04-18,DE,Germany,EURO,3609.0,137439.0,242.0,4110.0,76280.7391036281,1487.6225193138653
82,2020-04-19,DE,Germany,EURO,2458.0,139897.0,184.0,4294.0,77299.79342930556,1543.4257158622186
83,2020-04-20,DE,Germany,EURO,1775.0,141672.0,110.0,4404.0,78344.00832788438,1600.6066999705563
84,2020-04-21,DE,Germany,EURO,1785.0,143457.0,194.0,4598.0,79413.69063456893,1659.182273925615
85,2020-04-22,DE,Germany,EURO,2237.0,145694.0,281.0,4879.0,80509.14718694032,1719.1692400151642
86,2020-04-23,DE,Germany,EURO,2352.0,148046.0,215.0,5094.0,81630.68482044131,1780.5844005262024
87,2020-04-24,DE,Germany,EURO,2337.0,150383.0,227.0,5321.0,82778.61037099898,1843.444557745619
88,2020-04-25,DE,Germany,EURO,2055.0,152438.0,179.0,5500.0,83953.23067627639,1907.7665139617075
89,2020-04-26,DE,Germany,EURO,1737.0,154175.0,140.0,5640.0,85154.8525703156,1973.5670714619464
90,2020-04-27,DE,Germany,EURO,1018.0,155193.0,110.0,5750.0,86383.78289133847,2040.8630325315662
91,2020-04-28,DE,Germany,EURO,1144.0,156337.0,163.0,5913.0,87640.32847484738,2109.6711994610796
92,2020-04-29,DE,Germany,EURO,1304.0,157641.0,202.0,6115.0,88924.79615691841,2180.0083745356515
93,2020-04-30,DE,Germany,EURO,1478.0,159119.0,173.0,6288.0,90237.49277411938,2251.891360042542
94,2020-05-01,DE,Germany,EURO,0.0,159119.0,0.0,6288.0,91578.72516264558,2325.336958269965
95,2020-05-02,DE,Germany,EURO,2584.0,161703.0,287.0,6575.0,92948.80015862525,2400.3619715040677
96,2020-05-03,DE,Germany,EURO,793.0,162496.0,74.0,6649.0,94348.02459814191,2476.9832020342274
97,2020-05-04,DE,Germany,EURO,679.0,163175.0,43.0,6692.0,95776.70531777084,2555.217452145427
98,2020-05-05,DE,Germany,EURO,685.0,163860.0,139.0,6831.0,97235.14915444494,2635.081524125604
99,2020-05-06,DE,Germany,EURO,1037.0,164897.0,165.0,6996.0,98723.66294248939,2716.5922202640195
100,2020-05-07,DE,Germany,EURO,1194.0,166091.0,123.0,7119.0,100242.55351925433,2799.76634284602
101,2020-05-08,DE,Germany,EURO,1209.0,167300.0,147.0,7266.0,101792.12772188128,2884.6206941592372
102,2020-05-09,DE,Germany,EURO,1251.0,168551.0,103.0,7369.0,103372.69238535107,2971.172076490604
103,2020-05-10,DE,Germany,EURO,667.0,169218.0,26.0,7395.0,104984.55434634328,3059.4372921275917
104,2020-05-11,DE,Germany,EURO,357.0,169575.0,22.0,7417.0,106628.02044101596,3149.4331433575844
105,2020-05-12,DE,Germany,EURO,933.0,170508.0,116.0,7533.0,108303.39750564635,3241.1764324687083
106,2020-05-13,DE,Germany,EURO,798.0,171306.0,101.0,7634.0,110010.99237695873,3334.6839617483474
107,2020-05-14,DE,Germany,EURO,933.0,172239.0,89.0,7723.0,111751.11189023197,3429.972533482998
108,2020-05-15,DE,Germany,EURO,913.0,173152.0,101.0,7824.0,113524.06288271189,3527.0589499594626
109,2020-05-16,DE,Germany,EURO,620.0,173772.0,57.0,7881.0,115330.15218981147,3625.960013467162
110,2020-05-17,DE,Germany,EURO,583.0,174355.0,33.0,7914.0,117169.6866483742,3726.6925262899586
111,2020-05-18,DE,Germany,EURO,342.0,174697.0,21.0,7935.0,119042.97309458793,3829.2732907200534
112,2020-05-19,DE,Germany,EURO,513.0,175210.0,72.0,8007.0,120950.31836429775,3933.7191090391116
113,2020-05-20,DE,Germany,EURO,797.0,176007.0,83.0,8090.0,122892.02929454089,4040.046783538941
114,2020-05-21,DE,Germany,EURO,745.0,176752.0,57.0,8147.0,124868.41272040248,4148.273116502487
115,2020-05-22,DE,Germany,EURO,460.0,177212.0,27.0,8174.0,126879.77547860683,4258.414910222533
116,2020-05-23,DE,Germany,EURO,638.0,177850.0,42.0,8216.0,128926.42440623582,4370.488966983203
117,2020-05-24,DE,Germany,EURO,431.0,178281.0,31.0,8247.0,131008.66633835972,4484.512089070789
118,2020-05-25,DE,Germany,EURO,289.0,178570.0,10.0,8257.0,133126.80811253726,4600.501078774292
119,2020-05-26,DE,Germany,EURO,432.0,179002.0,45.0,8302.0,135281.1565636152,4718.472738382914
120,2020-05-27,DE,Germany,EURO,362.0,179364.0,47.0,8349.0,137472.01852763235,4838.443870180852
121,2020-05-28,DE,Germany,EURO,353.0,179717.0,62.0,8411.0,139699.70084327995,4960.431276455185
122,2020-05-29,DE,Germany,EURO,741.0,180458.0,39.0,8450.0,141964.51034406363,5084.451759495232
123,2020-05-30,DE,Germany,EURO,738.0,181196.0,39.0,8489.0,144266.75386813818,5210.522121586966
124,2020-05-31,DE,Germany,EURO,286.0,181482.0,11.0,8500.0,146606.73825029074,5338.659165019968
125,2020-06-01,DE,Germany,EURO,333.0,181815.0,11.0,8511.0,148984.77032709657,5468.879692078173
126,2020-06-02,DE,Germany,EURO,213.0,182028.0,11.0,8522.0,151401.15693647205,5601.200505051163
127,2020-06-03,DE,Germany,EURO,342.0,182370.0,29.0,8551.0,153856.20491281687,5735.638406224969
128,2020-06-04,DE,Germany,EURO,394.0,182764.0,30.0,8581.0,156350.22109228908,5872.210197887367
129,2020-06-05,DE,Germany,EURO,507.0,183271.0,32.0,8613.0,158883.5123134011,6010.932682326484
130,2020-06-06,DE,Germany,EURO,407.0,183678.0,33.0,8646.0,161456.38540876447,6151.822661829747
131,2020-06-07,DE,Germany,EURO,301.0,183979.0,22.0,8668.0,164069.14721710025,6294.8969386828085
132,2020-06-08,DE,Germany,EURO,214.0,184193.0,6.0,8674.0,166722.1045749539,6440.172315173038
133,2020-06-09,DE,Germany,EURO,350.0,184543.0,37.0,8711.0,169415.5643177682,6587.665593591939
134,2020-06-10,DE,Germany,EURO,318.0,184861.0,18.0,8729.0,172149.83328083693,6737.393576218876
135,2020-06-11,DE,Germany,EURO,555.0,185416.0,26.0,8755.0,174925.21830213605,6889.373065347563
136,2020-06-12,DE,Germany,EURO,258.0,185674.0,8.0,8763.0,177742.02621704875,7043.620863264468
137,2020-06-13,DE,Germany,EURO,348.0,186022.0,18.0,8781.0,180600.5638622397,7200.153772253963
138,2020-06-14,DE,Germany,EURO,247.0,186269.0,6.0,8787.0,183501.13807344972,7358.988594608452
139,2020-06-15,DE,Germany,EURO,192.0,186461.0,4.0,8791.0,186444.05568847596,7520.142132609833
140,2020-06-16,DE,Germany,EURO,378.0,186839.0,9.0,8800.0,189429.62353945314,7683.631188549813
141,2020-06-17,DE,Germany,EURO,345.0,187184.0,30.0,8830.0,192458.1484664136,7849.47256471023
142,2020-06-18,DE,Germany,EURO,580.0,187764.0,26.0,8856.0,195529.93730775057,8017.683063385701
143,2020-06-19,DE,Germany,EURO,770.0,188534.0,16.0,8872.0,198645.2968909794,8188.279486859463
144,2020-06-20,DE,Germany,EURO,601.0,189135.0,10.0,8882.0,201804.53406319558,8361.278637415044
145,2020-06-21,DE,Germany,EURO,687.0,189822.0,0.0,8882.0,205007.9556524807,8536.69731734671
146,2020-06-22,DE,Germany,EURO,537.0,190359.0,3.0,8885.0,208255.86849934398,8714.552328939388
147,2020-06-23,DE,Germany,EURO,503.0,190862.0,10.0,8895.0,211548.57943887054,8894.860474478117
148,2020-06-24,DE,Germany,EURO,587.0,191449.0,19.0,8914.0,214886.3953055197,9077.638556255215
149,2020-06-25,DE,Germany,EURO,630.0,192079.0,13.0,8927.0,218269.62293941318,9262.90337654577
150,2020-06-26,DE,Germany,EURO,477.0,192556.0,21.0,8948.0,221698.56917119562,9450.67173765793
151,2020-06-27,DE,Germany,EURO,687.0,193243.0,6.0,8954.0,225173.54084331333,9640.960441857997
152,2020-06-28,DE,Germany,EURO,256.0,193499.0,3.0,8957.0,228694.8447899276,9833.786291447015
153,2020-06-29,DE,Germany,EURO,262.0,193761.0,4.0,8961.0,232262.78784430563,10029.166088702228
154,2020-06-30,DE,Germany,EURO,498.0,194259.0,12.0,8973.0,235877.676847046,10227.11663592253
155,2020-07-01,DE,Germany,EURO,466.0,194725.0,12.0,8985.0,239539.81862903177,10427.654735389935
156,2020-07-02,DE,Germany,EURO,503.0,195228.0,9.0,8994.0,243249.5200334245,10630.79718938704
157,2020-07-03,DE,Germany,EURO,446.0,195674.0,9.0,9003.0,247007.08788949787,10836.56080020296
158,2020-07-04,DE,Germany,EURO,422.0,196096.0,7.0,9010.0,250812.82903612196,11044.962370131003
159,2020-07-05,DE,Germany,EURO,239.0,196335.0,2.0,9012.0,254667.0503135973,11256.018701454113
160,2020-07-06,DE,Germany,EURO,219.0,196554.0,4.0,9016.0,258570.05855370103,11469.74659645937
161,2020-07-07,DE,Germany,EURO,390.0,196944.0,8.0,9024.0,262522.160598343,11686.162857433386
162,2020-07-08,DE,Germany,EURO,397.0,197341.0,12.0,9036.0,266523.6632726842,11905.284286664288
163,2020-07-09,DE,Germany,EURO,442.0,197783.0,12.0,9048.0,270574.8734179789,12127.127686441598
164,2020-07-10,DE,Germany,EURO,395.0,198178.0,6.0,9054.0,274676.09787810384,12351.709859051114
165,2020-07-11,DE,Germany,EURO,378.0,198556.0,6.0,9060.0,278827.64348173677,12579.047606783466
166,2020-07-12,DE,Germany,EURO,248.0,198804.0,3.0,9063.0,283029.8170667344,12809.157731917816
167,2020-07-13,DE,Germany,EURO,159.0,198963.0,1.0,9064.0,287282.92546684085,13042.057036747994
168,2020-07-14,DE,Germany,EURO,0.0,198963.0,0.0,9064.0,291587.27552021085,13277.762323558285
169,2020-07-15,DE,Germany,EURO,763.0,199726.0,7.0,9071.0,295943.1740673834,13516.290394642287
170,2020-07-16,DE,Germany,EURO,534.0,200260.0,7.0,9078.0,300350.9279391819,13757.658052274679
171,2020-07-17,DE,Germany,EURO,583.0,200843.0,4.0,9082.0,304810.8439737016,14001.882098746673
172,2020-07-18,DE,Germany,EURO,,,,,309323.22900718986,14248.979336362985
173,2020-07-19,DE,Germany,EURO,,,,,313888.3898719603,14498.966567387293
174,2020-07-20,DE,Germany,EURO,,,,,318506.63341165124,14751.860594118318
175,2020-07-21,DE,Germany,EURO,,,,,323178.2664597088,15007.67821884692
176,2020-07-22,DE,Germany,EURO,,,,,327903.5958538705,15266.436243847025
177,2020-07-23,DE,Germany,EURO,,,,,332682.9284200126,15528.151471417585
178,2020-07-24,DE,Germany,EURO,,,,,337516.5710061842,15792.840703848937
179,2020-07-25,DE,Germany,EURO,,,,,342404.83044505655,16060.520743414947
180,2020-07-26,DE,Germany,EURO,,,,,347348.01357436716,16331.208392405895
181,2020-07-27,DE,Germany,EURO,,,,,352346.4272289926,16604.920453124287
182,2020-07-28,DE,Germany,EURO,,,,,357400.3782424384,16881.673727842004
183,2020-07-29,DE,Germany,EURO,,,,,362510.1734517866,17161.48501884898
184,2020-07-30,DE,Germany,EURO,,,,,367676.11969900667,17444.37112843858
185,2020-07-31,DE,Germany,EURO,,,,,372898.52381492197,17730.348858880185
186,2020-08-01,DE,Germany,EURO,,,,,378177.69263661443,18019.435012493705
187,2020-08-02,DE,Germany,EURO,,,,,383513.9330037886,18311.6463915271
188,2020-08-03,DE,Germany,EURO,,,,,388907.55174482404,18606.99979831309
189,2020-08-04,DE,Germany,EURO,,,,,394358.8557014519,18905.5120350973
190,2020-08-05,DE,Germany,EURO,,,,,399868.1517126614,19207.19990418591
191,2020-08-06,DE,Germany,EURO,,,,,405435.74660695135,19512.080207866456
192,2020-08-07,DE,Germany,EURO,,,,,411061.9472287947,19820.169748427186
193,2020-08-08,DE,Germany,EURO,,,,,416747.06041086256,20131.485328136434
194,2020-08-09,DE,Germany,EURO,,,,,422491.3929858261,20446.043749316785
195,2020-08-10,DE,Germany,EURO,,,,,428295.25179648935,20763.861814218064
196,2020-08-11,DE,Germany,EURO,,,,,434158.9436792189,21084.9563251582
197,2020-08-12,DE,Germany,EURO,,,,,440082.7754550034,21409.34408441298
198,2020-08-13,DE,Germany,EURO,,,,,446067.0539835745,21737.041894265523
199,2020-08-14,DE,Germany,EURO,,,,,452112.0860872322,22068.066556999533
200,2020-08-15,DE,Germany,EURO,,,,,458218.17859769403,22402.434874921528
201,2020-08-16,DE,Germany,EURO,,,,,464385.6383670622,22740.163650291695
