,Date_reported, Country_code, Country, WHO_region, New_cases, Cumulative_cases, New_deaths, Cumulative_deaths,PRED_CUMULATIVE_CASES,PRED_CUMULATIVE_DEATHS
0,2020-01-30,IN,India,SEARO,1.0,1.0,0.0,0.0,-39945.607026785336,-877.3070232214602
1,2020-01-31,IN,India,SEARO,0.0,1.0,0.0,0.0,-39945.45682080511,-877.3021947147809
2,2020-02-01,IN,India,SEARO,0.0,1.0,0.0,0.0,-39944.40537894358,-877.2683951680252
3,2020-02-02,IN,India,SEARO,1.0,2.0,0.0,0.0,-39941.55146531934,-877.1766535411172
4,2020-02-03,IN,India,SEARO,1.0,3.0,0.0,0.0,-39935.99384405128,-876.9979987939804
5,2020-02-04,IN,India,SEARO,0.0,3.0,0.0,0.0,-39926.83127925843,-876.7034598865387
6,2020-02-05,IN,India,SEARO,0.0,3.0,0.0,0.0,-39913.16253505736,-876.2640657787158
7,2020-02-06,IN,India,SEARO,0.0,3.0,0.0,0.0,-39894.08637557151,-875.6508454304355
8,2020-02-07,IN,India,SEARO,0.0,3.0,0.0,0.0,-39868.70156491287,-874.8348278016216
9,2020-02-08,IN,India,SEARO,0.0,3.0,0.0,0.0,-39836.10686720601,-873.7870418521978
10,2020-02-09,IN,India,SEARO,0.0,3.0,0.0,0.0,-39795.401046570114,-872.478516542088
11,2020-02-10,IN,India,SEARO,0.0,3.0,0.0,0.0,-39745.68286711229,-870.8802808312157
12,2020-02-11,IN,India,SEARO,0.0,3.0,0.0,0.0,-39686.05109296153,-868.963363679505
13,2020-02-12,IN,India,SEARO,0.0,3.0,0.0,0.0,-39615.60448824866,-866.6987940468794
14,2020-02-13,IN,India,SEARO,0.0,3.0,0.0,0.0,-39533.44181707474,-864.057600893263
15,2020-02-14,IN,India,SEARO,0.0,3.0,0.0,0.0,-39438.66184356036,-861.0108131785789
16,2020-02-15,IN,India,SEARO,0.0,3.0,0.0,0.0,-39330.36333180564,-857.5294598627517
17,2020-02-16,IN,India,SEARO,0.0,3.0,0.0,0.0,-39207.64504594701,-853.5845699057044
18,2020-02-17,IN,India,SEARO,0.0,3.0,0.0,0.0,-39069.6057501507,-849.147172267361
19,2020-02-18,IN,India,SEARO,0.0,3.0,0.0,0.0,-38915.34420850473,-844.1882959076464
20,2020-02-19,IN,India,SEARO,0.0,3.0,0.0,0.0,-38743.95918506356,-838.6789697864823
21,2020-02-20,IN,India,SEARO,0.0,3.0,0.0,0.0,-38554.54944397854,-832.5902228637939
22,2020-02-21,IN,India,SEARO,0.0,3.0,0.0,0.0,-38346.213749400995,-825.8930840995042
23,2020-02-22,IN,India,SEARO,0.0,3.0,0.0,0.0,-38118.05086535933,-818.5585824535377
24,2020-02-23,IN,India,SEARO,0.0,3.0,0.0,0.0,-37869.15955619486,-810.5577468858188
25,2020-02-24,IN,India,SEARO,0.0,3.0,0.0,0.0,-37598.638585924826,-801.8616063562696
26,2020-02-25,IN,India,SEARO,0.0,3.0,0.0,0.0,-37305.58671849193,-792.4411898248136
27,2020-02-26,IN,India,SEARO,0.0,3.0,0.0,0.0,-36989.102718233786,-782.2675262513756
28,2020-02-27,IN,India,SEARO,0.0,3.0,0.0,0.0,-36648.28534910055,-771.3116445958827
29,2020-02-28,IN,India,SEARO,0.0,3.0,0.0,0.0,-36282.23337540003,-759.5445738182505
30,2020-02-29,IN,India,SEARO,0.0,3.0,0.0,0.0,-35890.04556098553,-746.9373428784102
31,2020-03-01,IN,India,SEARO,0.0,3.0,0.0,0.0,-35470.82067014249,-733.4609807362804
32,2020-03-02,IN,India,SEARO,2.0,5.0,0.0,0.0,-35023.657466947756,-719.0865163517916
33,2020-03-03,IN,India,SEARO,0.0,5.0,0.0,0.0,-34547.654715880475,-703.7849786848578
34,2020-03-04,IN,India,SEARO,22.0,27.0,0.0,0.0,-34041.91118007871,-687.5273966954137
35,2020-03-05,IN,India,SEARO,2.0,29.0,0.0,0.0,-33505.525625079594,-670.284799343375
36,2020-03-06,IN,India,SEARO,2.0,31.0,0.0,0.0,-32937.59681370827,-652.0282155886671
37,2020-03-07,IN,India,SEARO,3.0,34.0,0.0,0.0,-32337.223511188946,-632.728674391218
38,2020-03-08,IN,India,SEARO,5.0,39.0,0.0,0.0,-31703.504480540476,-612.3572047109496
39,2020-03-09,IN,India,SEARO,5.0,44.0,0.0,0.0,-31035.538486212216,-590.8848355077794
40,2020-03-10,IN,India,SEARO,6.0,50.0,0.0,0.0,-30332.42429301115,-568.2825957416372
41,2020-03-11,IN,India,SEARO,10.0,60.0,0.0,0.0,-29593.26066347929,-544.5215143724404
42,2020-03-12,IN,India,SEARO,14.0,74.0,0.0,0.0,-28817.14636433097,-519.5726203601293
43,2020-03-13,IN,India,SEARO,7.0,81.0,1.0,1.0,-28003.180157452545,-493.406942664612
44,2020-03-14,IN,India,SEARO,3.0,84.0,1.0,2.0,-27150.46080771061,-465.9955102458119
45,2020-03-15,IN,India,SEARO,23.0,107.0,0.0,2.0,-26258.087079733334,-437.3093520636664
46,2020-03-16,IN,India,SEARO,7.0,114.0,0.0,2.0,-25325.157735377274,-407.3194970780803
47,2020-03-17,IN,India,SEARO,23.0,137.0,1.0,3.0,-24350.771542519054,-375.99697424898966
48,2020-03-18,IN,India,SEARO,14.0,151.0,0.0,3.0,-23334.027262061558,-343.3128125363288
49,2020-03-19,IN,India,SEARO,44.0,195.0,1.0,4.0,-22274.023660331688,-309.2380408999941
50,2020-03-20,IN,India,SEARO,0.0,195.0,0.0,4.0,-21169.859499901257,-273.74368829993523
51,2020-03-21,IN,India,SEARO,88.0,283.0,0.0,4.0,-20020.633545011005,-236.80078369605428
52,2020-03-22,IN,India,SEARO,58.0,341.0,1.0,5.0,-18825.444560438118,-198.38035604828758
53,2020-03-23,IN,India,SEARO,93.0,434.0,4.0,9.0,-17583.39130905243,-158.45343431655454
54,2020-03-24,IN,India,SEARO,85.0,519.0,0.0,9.0,-16293.572558372936,-116.99104746078308
55,2020-03-25,IN,India,SEARO,87.0,606.0,1.0,10.0,-14955.08706852766,-73.96422444091058
56,2020-03-26,IN,India,SEARO,43.0,649.0,3.0,13.0,-13567.033605307064,-29.343994216840315
57,2020-03-27,IN,India,SEARO,75.0,724.0,4.0,17.0,-12128.510931461773,16.898614251516847
58,2020-03-28,IN,India,SEARO,0.0,724.0,0.0,17.0,-10638.617815702877,64.7925720042183
59,2020-03-29,IN,India,SEARO,255.0,979.0,8.0,25.0,-9096.45301613184,114.36685008133645
60,2020-03-30,IN,India,SEARO,92.0,1071.0,4.0,29.0,-7501.115300386868,165.65041952294064
61,2020-03-31,IN,India,SEARO,180.0,1251.0,3.0,32.0,-5851.703432410679,218.67225136912407
62,2020-04-01,IN,India,SEARO,385.0,1636.0,6.0,38.0,-4147.316173642597,273.46131665997905
63,2020-04-02,IN,India,SEARO,329.0,1965.0,12.0,50.0,-2387.0522910055734,330.0465864355233
64,2020-04-03,IN,India,SEARO,336.0,2301.0,6.0,56.0,-570.0105480846978,388.45703173588845
65,2020-04-04,IN,India,SEARO,601.0,2902.0,12.0,68.0,1304.7102897467994,448.72162360112657
66,2020-04-05,IN,India,SEARO,472.0,3374.0,9.0,77.0,3238.0114604535484,510.8693330713586
67,2020-04-06,IN,India,SEARO,693.0,4067.0,32.0,109.0,5230.794199258366,574.9291311865752
68,2020-04-07,IN,India,SEARO,354.0,4421.0,5.0,114.0,7283.959746867695,640.9299889869114
69,2020-04-08,IN,India,SEARO,853.0,5274.0,35.0,149.0,9398.40932706026,708.9008775124296
70,2020-04-09,IN,India,SEARO,591.0,5865.0,20.0,169.0,11575.0441868606,778.8707678032222
71,2020-04-10,IN,India,SEARO,547.0,6412.0,30.0,199.0,13814.765554935017,850.868630899337
72,2020-04-11,IN,India,SEARO,1035.0,7447.0,40.0,239.0,16118.474677831211,924.9234378408848
73,2020-04-12,IN,India,SEARO,909.0,8356.0,34.0,273.0,18487.072783023395,1001.0641596679018
74,2020-04-13,IN,India,SEARO,796.0,9152.0,35.0,308.0,20921.461097985783,1079.3197674204773
75,2020-04-14,IN,India,SEARO,1211.0,10363.0,31.0,339.0,23422.54087618021,1159.7192321387092
76,2020-04-15,IN,India,SEARO,1076.0,11439.0,38.0,377.0,25991.213343173542,1242.2915248626239
77,2020-04-16,IN,India,SEARO,941.0,12380.0,37.0,414.0,28628.379742414036,1327.06561663237
78,2020-04-17,IN,India,SEARO,1007.0,13387.0,23.0,437.0,31334.941297799625,1414.070478487986
79,2020-04-18,IN,India,SEARO,991.0,14378.0,43.0,480.0,34111.799258500614,1503.3350814695325
80,2020-04-19,IN,India,SEARO,1334.0,15712.0,27.0,507.0,36959.854843408146,1594.8883966171236
81,2020-04-20,IN,India,SEARO,1553.0,17265.0,36.0,543.0,39880.009303123035,1688.7593949708028
82,2020-04-21,IN,India,SEARO,1336.0,18601.0,47.0,590.0,42873.16387966303,1784.977047570698
83,2020-04-22,IN,India,SEARO,1383.0,19984.0,50.0,640.0,45940.2197833362,1883.5703254568014
84,2020-04-23,IN,India,SEARO,1409.0,21393.0,41.0,681.0,49082.0782728496,1984.5681996691862
85,2020-04-24,IN,India,SEARO,1684.0,23077.0,37.0,718.0,52299.640571862736,2087.999641247974
86,2020-04-25,IN,India,SEARO,1429.0,24506.0,57.0,775.0,55593.80792787699,2193.8936212333256
87,2020-04-26,IN,India,SEARO,1990.0,26496.0,49.0,824.0,58965.48156574396,2302.279110665192
88,2020-04-27,IN,India,SEARO,1396.0,27892.0,48.0,872.0,62415.56272581247,2413.1850805837266
89,2020-04-28,IN,India,SEARO,1543.0,29435.0,62.0,934.0,65944.9526441398,2526.6405020288657
90,2020-04-29,IN,India,SEARO,1897.0,31332.0,73.0,1007.0,69554.55254963068,2642.6743460408907
91,2020-04-30,IN,India,SEARO,1718.0,33050.0,67.0,1074.0,73245.26369121698,2761.3155836597743
92,2020-05-01,IN,India,SEARO,1993.0,35043.0,73.0,1147.0,77017.98730447916,2882.593185925579
93,2020-05-02,IN,India,SEARO,2293.0,37336.0,71.0,1218.0,80873.62459781794,3006.536123878327
94,2020-05-03,IN,India,SEARO,2644.0,39980.0,83.0,1301.0,84813.07684734491,3133.173368558304
95,2020-05-04,IN,India,SEARO,2553.0,42533.0,72.0,1373.0,88837.24525955347,3262.5338910053524
96,2020-05-05,IN,India,SEARO,3900.0,46433.0,195.0,1568.0,92947.03109100489,3394.646662259591
97,2020-05-06,IN,India,SEARO,2958.0,49391.0,126.0,1694.0,97143.3355605903,3529.5406533611886
98,2020-05-07,IN,India,SEARO,3561.0,52952.0,89.0,1783.0,101427.05990484385,3667.2448353502687
99,2020-05-08,IN,India,SEARO,3390.0,56342.0,103.0,1886.0,105799.10537079004,3807.7881792667395
100,2020-05-09,IN,India,SEARO,3320.0,59662.0,95.0,1981.0,110260.3731882873,3951.1996561507394
101,2020-05-10,IN,India,SEARO,3277.0,62939.0,128.0,2109.0,114811.76460102228,4097.508237042448
102,2020-05-11,IN,India,SEARO,4213.0,67152.0,97.0,2206.0,119454.1808274093,4246.742892981787
103,2020-05-12,IN,India,SEARO,3604.0,70756.0,87.0,2293.0,124188.52311924128,4398.932595008871
104,2020-05-13,IN,India,SEARO,3525.0,74281.0,122.0,2415.0,129015.6927039924,4554.106314163921
105,2020-05-14,IN,India,SEARO,3722.0,78003.0,134.0,2549.0,133936.59081867366,4712.293021486832
106,2020-05-15,IN,India,SEARO,3967.0,81970.0,100.0,2649.0,138952.11871507793,4873.521688017785
107,2020-05-16,IN,India,SEARO,3970.0,85940.0,103.0,2752.0,144063.17759636074,5037.821284796832
108,2020-05-17,IN,India,SEARO,4987.0,90927.0,120.0,2872.0,149270.66872051387,5205.220782863957
109,2020-05-18,IN,India,SEARO,5242.0,96169.0,157.0,3029.0,154575.49332359462,5375.749153259231
110,2020-05-19,IN,India,SEARO,4970.0,101139.0,134.0,3163.0,159978.55263927608,5549.435367022937
111,2020-05-20,IN,India,SEARO,5611.0,106750.0,140.0,3303.0,165480.74789837032,5726.308395195082
112,2020-05-21,IN,India,SEARO,5609.0,112359.0,132.0,3435.0,171082.98034504085,5906.397208815499
113,2020-05-22,IN,India,SEARO,6088.0,118447.0,148.0,3583.0,176786.15121105342,6089.730778924675
114,2020-05-23,IN,India,SEARO,6654.0,125101.0,137.0,3720.0,182591.16173580318,6276.338076562356
115,2020-05-24,IN,India,SEARO,6767.0,131868.0,147.0,3867.0,188498.91313198238,6466.248072768848
116,2020-05-25,IN,India,SEARO,6977.0,138845.0,154.0,4021.0,194510.30666187435,6659.489738583968
117,2020-05-26,IN,India,SEARO,6535.0,145380.0,146.0,4167.0,200626.24355724483,6856.092045047928
118,2020-05-27,IN,India,SEARO,6387.0,151767.0,170.0,4337.0,206847.62505844265,7056.083963200913
119,2020-05-28,IN,India,SEARO,6566.0,158333.0,194.0,4531.0,213175.35238960414,7259.494464082886
120,2020-05-29,IN,India,SEARO,7466.0,165799.0,175.0,4706.0,219610.32678440242,7466.352518733746
121,2020-05-30,IN,India,SEARO,7964.0,173763.0,265.0,4971.0,226153.44949558406,7676.687098194033
122,2020-05-31,IN,India,SEARO,8380.0,182143.0,193.0,5164.0,232805.62172821193,7890.527173503214
123,2020-06-01,IN,India,SEARO,8392.0,190535.0,230.0,5394.0,239567.7447760406,8107.901715701922
124,2020-06-02,IN,India,SEARO,8171.0,198706.0,204.0,5598.0,246440.7197983566,8328.839695830055
125,2020-06-03,IN,India,SEARO,8909.0,207615.0,217.0,5815.0,253425.44808033138,8553.370084927468
126,2020-06-04,IN,India,SEARO,9304.0,216919.0,260.0,6075.0,260522.83085945278,8781.521854034409
127,2020-06-05,IN,India,SEARO,9851.0,226770.0,273.0,6348.0,267733.7693236175,9013.323974191168
128,2020-06-06,IN,India,SEARO,9887.0,236657.0,294.0,6642.0,275059.1648028198,9248.80541643733
129,2020-06-07,IN,India,SEARO,9971.0,246628.0,287.0,6929.0,282499.91843250423,9487.995151813362
130,2020-06-08,IN,India,SEARO,9983.0,256611.0,206.0,7135.0,290056.93150547176,9730.922151359235
131,2020-06-09,IN,India,SEARO,9987.0,266598.0,331.0,7466.0,297731.105242044,9977.615386115114
132,2020-06-10,IN,India,SEARO,9985.0,276583.0,279.0,7745.0,305523.34087112575,10228.103827121091
133,2020-06-11,IN,India,SEARO,9996.0,286579.0,357.0,8102.0,313434.5396530929,10482.416445416768
134,2020-06-12,IN,India,SEARO,10956.0,297535.0,396.0,8498.0,321465.6027815643,10740.582212042824
135,2020-06-13,IN,India,SEARO,11458.0,308993.0,386.0,8884.0,329617.43154361873,11002.630098039084
136,2020-06-14,IN,India,SEARO,11929.0,320922.0,311.0,9195.0,337890.9271624389,11268.589074445514
137,2020-06-15,IN,India,SEARO,11502.0,332424.0,325.0,9520.0,346286.9908259216,11538.488112302466
138,2020-06-16,IN,India,SEARO,10667.0,343091.0,380.0,9900.0,354806.52380397945,11812.356182649659
139,2020-06-17,IN,India,SEARO,10974.0,354065.0,2003.0,11903.0,363450.4273417297,12090.222256527575
140,2020-06-18,IN,India,SEARO,12881.0,366946.0,334.0,12237.0,372219.60268238216,12372.115304976
141,2020-06-19,IN,India,SEARO,13586.0,380532.0,336.0,12573.0,381114.95105960994,12658.064299035079
142,2020-06-20,IN,India,SEARO,14516.0,395048.0,375.0,12948.0,390137.3736269775,12948.098209744918
143,2020-06-21,IN,India,SEARO,15413.0,410461.0,306.0,13254.0,399287.7717593017,13242.2460081456
144,2020-06-22,IN,India,SEARO,14821.0,425282.0,445.0,13699.0,408567.04661014705,13540.536665277301
145,2020-06-23,IN,India,SEARO,14933.0,440215.0,312.0,14011.0,417976.0994055572,13842.999152179658
146,2020-06-24,IN,India,SEARO,15968.0,456183.0,465.0,14476.0,427515.8314516845,14149.662439893436
147,2020-06-25,IN,India,SEARO,16922.0,473105.0,418.0,14894.0,437187.14387348323,14460.555499458087
148,2020-06-26,IN,India,SEARO,17296.0,490401.0,407.0,15301.0,446990.9379713836,14775.70730191404
149,2020-06-27,IN,India,SEARO,18552.0,508953.0,384.0,15685.0,456928.1150191131,15095.14681830132
150,2020-06-28,IN,India,SEARO,19906.0,528859.0,410.0,16095.0,466999.57619693904,15418.903019659896
151,2020-06-29,IN,India,SEARO,19459.0,548318.0,380.0,16475.0,477206.22277095943,15747.004877029958
152,2020-06-30,IN,India,SEARO,18522.0,566840.0,418.0,16893.0,487548.9559328857,16079.481361451213
153,2020-07-01,IN,India,SEARO,18653.0,585493.0,507.0,17400.0,498028.6769888702,16416.36144396455
154,2020-07-02,IN,India,SEARO,19148.0,604641.0,434.0,17834.0,508646.28712680965,16757.67409560918
155,2020-07-03,IN,India,SEARO,20903.0,625544.0,379.0,18213.0,519402.68754413753,17103.448287425766
156,2020-07-04,IN,India,SEARO,22771.0,648315.0,442.0,18655.0,530298.7795698943,17453.71299045411
157,2020-07-05,IN,India,SEARO,24850.0,673165.0,613.0,19268.0,541335.4643519225,17808.49717573441
158,2020-07-06,IN,India,SEARO,24248.0,697413.0,425.0,19693.0,552513.6432555022,18167.829814306482
159,2020-07-07,IN,India,SEARO,22252.0,719665.0,467.0,20160.0,563834.2173464599,18531.739877210814
160,2020-07-08,IN,India,SEARO,22752.0,742417.0,482.0,20642.0,575298.0879347625,18900.25633548721
161,2020-07-09,IN,India,SEARO,24879.0,767296.0,487.0,21129.0,586906.1562960448,19273.408160175895
162,2020-07-10,IN,India,SEARO,26506.0,793802.0,475.0,21604.0,598659.3236124816,19651.224322316644
163,2020-07-11,IN,India,SEARO,27114.0,820916.0,519.0,22123.0,610558.4912131133,20033.733792949522
164,2020-07-12,IN,India,SEARO,28637.0,849553.0,551.0,22674.0,622604.5602248015,20420.965543115806
165,2020-07-13,IN,India,SEARO,28701.0,878254.0,500.0,23174.0,634798.4318449798,20812.94854385321
166,2020-07-14,IN,India,SEARO,28498.0,906752.0,553.0,23727.0,647141.0074541869,21209.711766204633
167,2020-07-15,IN,India,SEARO,29429.0,936181.0,582.0,24309.0,659633.1882098021,21611.28418120763
168,2020-07-16,IN,India,SEARO,32695.0,968876.0,606.0,24915.0,672275.8753702941,22017.694759903712
169,2020-07-17,IN,India,SEARO,34956.0,1003832.0,687.0,25602.0,685069.9701407256,22428.972473332444
170,2020-07-18,IN,India,SEARO,,,,,698016.3737623992,22845.146292534017
171,2020-07-19,IN,India,SEARO,,,,,711115.9875510039,23266.2451885493
172,2020-07-20,IN,India,SEARO,,,,,724369.7126105132,23692.298132416825
173,2020-07-21,IN,India,SEARO,,,,,737778.4502089324,24123.334095177655
174,2020-07-22,IN,India,SEARO,,,,,751343.101713449,24559.38204787176
175,2020-07-23,IN,India,SEARO,,,,,765064.5681898894,25000.470961539
176,2020-07-24,IN,India,SEARO,,,,,778943.7509939971,25446.629807220033
177,2020-07-25,IN,India,SEARO,,,,,792981.5513060393,25897.887555954097
178,2020-07-26,IN,India,SEARO,,,,,807178.8703406157,26354.27317878115
179,2020-07-27,IN,India,SEARO,,,,,821536.6093657317,26815.815646742565
180,2020-07-28,IN,India,SEARO,,,,,836055.6695845427,27282.543930877346
181,2020-07-29,IN,India,SEARO,,,,,850736.9522726836,27754.4870022261
182,2020-07-30,IN,India,SEARO,,,,,865581.3587172332,28231.67383182842
183,2020-07-31,IN,India,SEARO,,,,,880589.7900183501,28714.133390724324
184,2020-08-01,IN,India,SEARO,,,,,895763.1476233306,29201.894649954855
185,2020-08-02,IN,India,SEARO,,,,,911102.3324492278,29694.986580558518
186,2020-08-03,IN,India,SEARO,,,,,926608.2459700408,30193.438153576837
187,2020-08-04,IN,India,SEARO,,,,,942281.789415628,30697.27834004925
188,2020-08-05,IN,India,SEARO,,,,,958123.8639662566,31206.536111016656
189,2020-08-06,IN,India,SEARO,,,,,974135.370828897,31721.240437517656
190,2020-08-07,IN,India,SEARO,,,,,990317.2112639251,32241.420290593043
191,2020-08-08,IN,India,SEARO,,,,,1006670.2865622344,32767.104641282953
192,2020-08-09,IN,India,SEARO,,,,,1023195.4979155364,33298.32246062695
193,2020-08-10,IN,India,SEARO,,,,,1039893.7465117278,33835.10271966662
194,2020-08-11,IN,India,SEARO,,,,,1056765.9336722197,34377.47438943973
195,2020-08-12,IN,India,SEARO,,,,,1073812.960508615,34925.46644098898
196,2020-08-13,IN,India,SEARO,,,,,1091035.728426248,35479.10784535237
197,2020-08-14,IN,India,SEARO,,,,,1108435.1385557952,36038.42757357105
198,2020-08-15,IN,India,SEARO,,,,,1126012.0921538176,36603.45459668414
199,2020-08-16,IN,India,SEARO,,,,,1143767.490434915,37174.21788573289
