,Date_reported, Country_code, Country, WHO_region, New_cases, Cumulative_cases, New_deaths, Cumulative_deaths,PRED_CUMULATIVE_CASES,PRED_CUMULATIVE_DEATHS
0,2020-01-29,IT,Italy,EURO,2.0,2.0,0.0,0.0,63988.28030750549,8024.807163605513
1,2020-01-30,IT,Italy,EURO,0.0,2.0,0.0,0.0,63988.33645279519,8024.816414962597
2,2020-01-31,IT,Italy,EURO,0.0,2.0,0.0,0.0,63988.729469823105,8024.881174462187
3,2020-02-01,IT,Italy,EURO,0.0,2.0,0.0,0.0,63989.79623032744,8025.056950246788
4,2020-02-02,IT,Italy,EURO,0.0,2.0,0.0,0.0,63991.8736060464,8025.399250458906
5,2020-02-03,IT,Italy,EURO,0.0,2.0,0.0,0.0,63995.2984687182,8025.963583241046
6,2020-02-04,IT,Italy,EURO,0.0,2.0,0.0,0.0,64000.40769008106,8026.805456735713
7,2020-02-05,IT,Italy,EURO,0.0,2.0,0.0,0.0,64007.53814187318,8027.980379085414
8,2020-02-06,IT,Italy,EURO,0.0,2.0,0.0,0.0,64017.02669583277,8029.543858432654
9,2020-02-07,IT,Italy,EURO,1.0,3.0,0.0,0.0,64029.21022369804,8031.5514029199385
10,2020-02-08,IT,Italy,EURO,0.0,3.0,0.0,0.0,64044.42559720721,8034.058520689773
11,2020-02-09,IT,Italy,EURO,0.0,3.0,0.0,0.0,64063.00968809848,8037.120719884664
12,2020-02-10,IT,Italy,EURO,0.0,3.0,0.0,0.0,64085.29936811006,8040.793508647115
13,2020-02-11,IT,Italy,EURO,0.0,3.0,0.0,0.0,64111.631508980165,8045.132395119634
14,2020-02-12,IT,Italy,EURO,0.0,3.0,0.0,0.0,64142.34298244701,8050.192887444724
15,2020-02-13,IT,Italy,EURO,0.0,3.0,0.0,0.0,64177.770660248796,8056.0304937648925
16,2020-02-14,IT,Italy,EURO,0.0,3.0,0.0,0.0,64218.25141412373,8062.700722222645
17,2020-02-15,IT,Italy,EURO,0.0,3.0,0.0,0.0,64264.12211581004,8070.259080960485
18,2020-02-16,IT,Italy,EURO,0.0,3.0,0.0,0.0,64315.71963704592,8078.7610781209205
19,2020-02-17,IT,Italy,EURO,0.0,3.0,0.0,0.0,64373.38084956959,8088.262221846457
20,2020-02-18,IT,Italy,EURO,0.0,3.0,0.0,0.0,64437.44262511925,8098.8180202795975
21,2020-02-19,IT,Italy,EURO,0.0,3.0,0.0,0.0,64508.24183543312,8110.48398156285
22,2020-02-20,IT,Italy,EURO,0.0,3.0,0.0,0.0,64586.1153522494,8123.315613838719
23,2020-02-21,IT,Italy,EURO,1.0,4.0,0.0,0.0,64671.40004730631,8137.368425249711
24,2020-02-22,IT,Italy,EURO,7.0,11.0,2.0,2.0,64764.43279234207,8152.697923938331
25,2020-02-23,IT,Italy,EURO,113.0,124.0,0.0,2.0,64865.55045909485,8169.359618047085
26,2020-02-24,IT,Italy,EURO,105.0,229.0,5.0,7.0,64975.0899193029,8187.409015718478
27,2020-02-25,IT,Italy,EURO,93.0,322.0,5.0,12.0,65093.38804470443,8206.901625095015
28,2020-02-26,IT,Italy,EURO,78.0,400.0,0.0,12.0,65220.78170703764,8227.8929543192
29,2020-02-27,IT,Italy,EURO,250.0,650.0,5.0,17.0,65357.607778040736,8250.438511533546
30,2020-02-28,IT,Italy,EURO,238.0,888.0,4.0,21.0,65504.20312945191,8274.59380488055
31,2020-02-29,IT,Italy,EURO,240.0,1128.0,8.0,29.0,65660.90463300943,8300.41434250272
32,2020-03-01,IT,Italy,EURO,561.0,1689.0,6.0,35.0,65828.04916045141,8327.955632542567
33,2020-03-02,IT,Italy,EURO,347.0,2036.0,17.0,52.0,66005.97358351618,8357.273183142584
34,2020-03-03,IT,Italy,EURO,466.0,2502.0,28.0,80.0,66195.01477394189,8388.422502445292
35,2020-03-04,IT,Italy,EURO,587.0,3089.0,27.0,107.0,66395.50960346674,8421.459098593188
36,2020-03-05,IT,Italy,EURO,769.0,3858.0,41.0,148.0,66607.79494382892,8456.438479728777
37,2020-03-06,IT,Italy,EURO,778.0,4636.0,49.0,197.0,66832.20766676671,8493.416153994565
38,2020-03-07,IT,Italy,EURO,1247.0,5883.0,37.0,234.0,67069.08464401828,8532.447629533064
39,2020-03-08,IT,Italy,EURO,1492.0,7375.0,132.0,366.0,67318.76274732182,8573.588414486767
40,2020-03-09,IT,Italy,EURO,1797.0,9172.0,97.0,463.0,67581.57884841556,8616.894016998192
41,2020-03-10,IT,Italy,EURO,977.0,10149.0,168.0,631.0,67857.86981903775,8662.419945209838
42,2020-03-11,IT,Italy,EURO,2313.0,12462.0,196.0,827.0,68147.9725309265,8710.221707264209
43,2020-03-12,IT,Italy,EURO,2651.0,15113.0,189.0,1016.0,68452.2238558202,8760.354811303821
44,2020-03-13,IT,Italy,EURO,2547.0,17660.0,252.0,1268.0,68770.96066545678,8812.874765471168
45,2020-03-14,IT,Italy,EURO,3497.0,21157.0,173.0,1441.0,69104.5198315747,8867.83707790876
46,2020-03-15,IT,Italy,EURO,3590.0,24747.0,368.0,1809.0,69453.23822591205,8925.2972567591
47,2020-03-16,IT,Italy,EURO,3233.0,27980.0,349.0,2158.0,69817.4527202071,8985.310810164703
48,2020-03-17,IT,Italy,EURO,3526.0,31506.0,347.0,2505.0,70197.50018619813,9047.933246268054
49,2020-03-18,IT,Italy,EURO,4207.0,35713.0,473.0,2978.0,70593.71749562309,9113.220073211685
50,2020-03-19,IT,Italy,EURO,5322.0,41035.0,429.0,3407.0,71006.44152022034,9181.226799138089
51,2020-03-20,IT,Italy,EURO,5986.0,47021.0,625.0,4032.0,71436.00913172844,9252.00893218977
52,2020-03-21,IT,Italy,EURO,6557.0,53578.0,795.0,4827.0,71882.75720188482,9325.621980509233
53,2020-03-22,IT,Italy,EURO,0.0,53578.0,0.0,4827.0,72347.02260242845,9402.121452238973
54,2020-03-23,IT,Italy,EURO,5560.0,59138.0,649.0,5476.0,72829.14220509701,9481.562855521526
55,2020-03-24,IT,Italy,EURO,4789.0,63927.0,601.0,6077.0,73329.45288162905,9564.001698499378
56,2020-03-25,IT,Italy,EURO,5249.0,69176.0,743.0,6820.0,73848.29150376268,9649.49348931502
57,2020-03-26,IT,Italy,EURO,5210.0,74386.0,685.0,7505.0,74385.99494323587,9738.093736110983
58,2020-03-27,IT,Italy,EURO,6153.0,80539.0,660.0,8165.0,74942.90007178744,9829.857947029781
59,2020-03-28,IT,Italy,EURO,5959.0,86498.0,971.0,9136.0,75519.34376115492,9924.84163021387
60,2020-03-29,IT,Italy,EURO,5974.0,92472.0,887.0,10023.0,76115.66288307685,10023.100293805805
61,2020-03-30,IT,Italy,EURO,5217.0,97689.0,758.0,10781.0,76732.19430929123,10124.689445948057
62,2020-03-31,IT,Italy,EURO,4050.0,101739.0,810.0,11591.0,77369.27491153704,10229.664594783168
63,2020-04-01,IT,Italy,EURO,4053.0,105792.0,839.0,12430.0,78027.24156155146,10338.081248453629
64,2020-04-02,IT,Italy,EURO,4782.0,110574.0,727.0,13157.0,78706.4311310729,10449.994915101943
65,2020-04-03,IT,Italy,EURO,4668.0,115242.0,760.0,13917.0,79407.18049184018,10565.461102870571
66,2020-04-04,IT,Italy,EURO,4585.0,119827.0,764.0,14681.0,80129.82651559106,10684.535319902088
67,2020-04-05,IT,Italy,EURO,4805.0,124632.0,681.0,15362.0,80874.70607406387,10807.273074338993
68,2020-04-06,IT,Italy,EURO,4316.0,128948.0,527.0,15889.0,81642.15603899665,10933.729874323737
69,2020-04-07,IT,Italy,EURO,3599.0,132547.0,636.0,16525.0,82432.51328212774,11063.96122799888
70,2020-04-08,IT,Italy,EURO,3039.0,135586.0,604.0,17129.0,83246.11467519548,11198.02264350691
71,2020-04-09,IT,Italy,EURO,3836.0,139422.0,540.0,17669.0,84083.29708993767,11335.969628990319
72,2020-04-10,IT,Italy,EURO,4204.0,143626.0,612.0,18281.0,84944.39739809299,11477.857692591624
73,2020-04-11,IT,Italy,EURO,3951.0,147577.0,570.0,18851.0,85829.7524713992,11623.742342453328
74,2020-04-12,IT,Italy,EURO,4694.0,152271.0,619.0,19470.0,86739.69918159524,11773.679086717932
75,2020-04-13,IT,Italy,EURO,4092.0,156363.0,431.0,19901.0,87674.57440041823,11927.723433527939
76,2020-04-14,IT,Italy,EURO,3153.0,159516.0,564.0,20465.0,88634.71499960782,12085.930891025924
77,2020-04-15,IT,Italy,EURO,2972.0,162488.0,604.0,21069.0,89620.45785090062,12248.356967354244
78,2020-04-16,IT,Italy,EURO,2667.0,165155.0,578.0,21647.0,90632.13982603606,12415.05717065555
79,2020-04-17,IT,Italy,EURO,3786.0,168941.0,525.0,22172.0,91670.0977967518,12586.08700907226
80,2020-04-18,IT,Italy,EURO,3493.0,172434.0,575.0,22747.0,92734.6686347861,12761.501990746947
81,2020-04-19,IT,Italy,EURO,3491.0,175925.0,480.0,23227.0,93826.18921187674,12941.357623822038
82,2020-04-20,IT,Italy,EURO,3047.0,178972.0,433.0,23660.0,94944.9963997635,13125.709416440113
83,2020-04-21,IT,Italy,EURO,2256.0,181228.0,454.0,24114.0,96091.42707018237,13314.612876743628
84,2020-04-22,IT,Italy,EURO,2729.0,183957.0,534.0,24648.0,97265.8180948736,13508.123512875085
85,2020-04-23,IT,Italy,EURO,3370.0,187327.0,437.0,25085.0,98468.50634557373,13706.296832977056
86,2020-04-24,IT,Italy,EURO,2646.0,189973.0,464.0,25549.0,99699.8286940231,13909.188345191982
87,2020-04-25,IT,Italy,EURO,3021.0,192994.0,420.0,25969.0,100960.1220119572,14116.853557662373
88,2020-04-26,IT,Italy,EURO,2357.0,195351.0,415.0,26384.0,102249.72317111577,14329.34797853075
89,2020-04-27,IT,Italy,EURO,2324.0,197675.0,260.0,26644.0,103568.96904323684,14546.727115939593
90,2020-04-28,IT,Italy,EURO,1739.0,199414.0,333.0,26977.0,104918.19650005907,14769.046478031494
91,2020-04-29,IT,Italy,EURO,2091.0,201505.0,382.0,27359.0,106297.74241332064,14996.361572948827
92,2020-04-30,IT,Italy,EURO,2086.0,203591.0,323.0,27682.0,107707.94365475795,15228.727908834211
93,2020-05-01,IT,Italy,EURO,1872.0,205463.0,285.0,27967.0,109149.13709611094,15466.20099383013
94,2020-05-02,IT,Italy,EURO,1965.0,207428.0,269.0,28236.0,110621.65960911845,15708.836336079039
95,2020-05-03,IT,Italy,EURO,1900.0,209328.0,474.0,28710.0,112125.84806551659,15956.689443723397
96,2020-05-04,IT,Italy,EURO,1389.0,210717.0,174.0,28884.0,113662.03933704659,16209.815824905847
97,2020-05-05,IT,Italy,EURO,1221.0,211938.0,195.0,29079.0,115230.57029544274,16468.270987768883
98,2020-05-06,IT,Italy,EURO,1075.0,213013.0,236.0,29315.0,116831.77781244626,16732.110440454897
99,2020-05-07,IT,Italy,EURO,1444.0,214457.0,369.0,29684.0,118465.99875979443,17001.389691106513
100,2020-05-08,IT,Italy,EURO,1401.0,215858.0,274.0,29958.0,120133.5700092242,17276.164247866112
101,2020-05-09,IT,Italy,EURO,1327.0,217185.0,243.0,30201.0,121834.82843247688,17556.48961887629
102,2020-05-10,IT,Italy,EURO,1083.0,218268.0,194.0,30395.0,123570.11090128912,17842.421312279577
103,2020-05-11,IT,Italy,EURO,802.0,219070.0,165.0,30560.0,125339.754287396,18134.014836218463
104,2020-05-12,IT,Italy,EURO,744.0,219814.0,179.0,30739.0,127144.09546254002,18431.325698835277
105,2020-05-13,IT,Italy,EURO,1402.0,221216.0,172.0,30911.0,128983.47129845855,18734.409408272655
106,2020-05-14,IT,Italy,EURO,888.0,222104.0,195.0,31106.0,130858.2186668891,19043.32147267319
107,2020-05-15,IT,Italy,EURO,992.0,223096.0,262.0,31368.0,132768.67443957002,19358.117400179457
108,2020-05-16,IT,Italy,EURO,789.0,223885.0,242.0,31610.0,134715.17548823767,19678.85269893362
109,2020-05-17,IT,Italy,EURO,875.0,224760.0,153.0,31763.0,136698.0586846353,20005.582877078457
110,2020-05-18,IT,Italy,EURO,675.0,225435.0,145.0,31908.0,138717.66090049394,20338.363442756432
111,2020-05-19,IT,Italy,EURO,451.0,225886.0,99.0,32007.0,140774.31900755895,20677.24990410995
112,2020-05-20,IT,Italy,EURO,813.0,226699.0,162.0,32169.0,142868.36987756306,21022.297769281577
113,2020-05-21,IT,Italy,EURO,665.0,227364.0,161.0,32330.0,145000.1503822468,21373.56254641388
114,2020-05-22,IT,Italy,EURO,642.0,228006.0,156.0,32486.0,147169.99739334852,21731.09974364928
115,2020-05-23,IT,Italy,EURO,652.0,228658.0,130.0,32616.0,149378.24778260847,22094.964869130425
116,2020-05-24,IT,Italy,EURO,669.0,229327.0,119.0,32735.0,151625.23842176105,22465.21343099965
117,2020-05-25,IT,Italy,EURO,531.0,229858.0,50.0,32785.0,153911.30618254442,22841.900937399445
118,2020-05-26,IT,Italy,EURO,300.0,230158.0,92.0,32877.0,156236.78793670083,23225.08289647237
119,2020-05-27,IT,Italy,EURO,397.0,230555.0,78.0,32955.0,158602.0205559671,23614.814816360955
120,2020-05-28,IT,Italy,EURO,584.0,231139.0,117.0,33072.0,161007.34091207638,24011.152205207844
121,2020-05-29,IT,Italy,EURO,593.0,231732.0,70.0,33142.0,163453.08587677262,24414.150571155147
122,2020-05-30,IT,Italy,EURO,516.0,232248.0,87.0,33229.0,165939.5923217913,24823.865422345865
123,2020-05-31,IT,Italy,EURO,416.0,232664.0,111.0,33340.0,168467.19711887682,25240.352266922277
124,2020-06-01,IT,Italy,EURO,355.0,233019.0,75.0,33415.0,171036.23713975793,25663.666613026755
125,2020-06-02,IT,Italy,EURO,178.0,233197.0,60.0,33475.0,173647.04925617666,26093.863968801994
126,2020-06-03,IT,Italy,EURO,318.0,233515.0,55.0,33530.0,176299.9703398732,26530.999842390444
127,2020-06-04,IT,Italy,EURO,321.0,233836.0,71.0,33601.0,178995.33726258177,26975.129741934397
128,2020-06-05,IT,Italy,EURO,177.0,234013.0,88.0,33689.0,181733.48689604466,27426.30917557695
129,2020-06-06,IT,Italy,EURO,518.0,234531.0,85.0,33774.0,184514.75611199983,27884.5936514598
130,2020-06-07,IT,Italy,EURO,270.0,234801.0,72.0,33846.0,187339.4817821829,28350.03867772598
131,2020-06-08,IT,Italy,EURO,197.0,234998.0,53.0,33899.0,190208.00077833512,28822.699762517965
132,2020-06-09,IT,Italy,EURO,280.0,235278.0,65.0,33964.0,193120.64997219012,29302.63241397812
133,2020-06-10,IT,Italy,EURO,283.0,235561.0,79.0,34043.0,196077.76623548995,29789.892140249045
134,2020-06-11,IT,Italy,EURO,202.0,235763.0,71.0,34114.0,199079.68643997246,30284.534449473354
135,2020-06-12,IT,Italy,EURO,379.0,236142.0,53.0,34167.0,202126.74745737572,30786.61484979332
136,2020-06-13,IT,Italy,EURO,163.0,236305.0,56.0,34223.0,205219.28615943468,31296.188849351314
137,2020-06-14,IT,Italy,EURO,346.0,236651.0,78.0,34301.0,208357.63941789055,31813.31195629016
138,2020-06-15,IT,Italy,EURO,338.0,236989.0,44.0,34345.0,211542.1441044834,32338.039678752448
139,2020-06-16,IT,Italy,EURO,301.0,237290.0,26.0,34371.0,214773.13709094582,32870.42752488041
140,2020-06-17,IT,Italy,EURO,210.0,237500.0,34.0,34405.0,218050.95524902546,33410.53100281669
141,2020-06-18,IT,Italy,EURO,328.0,237828.0,43.0,34448.0,221375.93545044863,33958.40562070344
142,2020-06-19,IT,Italy,EURO,331.0,238159.0,66.0,34514.0,224748.41456696295,34514.10688668395
143,2020-06-20,IT,Italy,EURO,-148.0,238011.0,47.0,34561.0,228168.72947030337,35077.69030890003
144,2020-06-21,IT,Italy,EURO,264.0,238275.0,49.0,34610.0,231637.2170322054,35649.21139549441
145,2020-06-22,IT,Italy,EURO,224.0,238499.0,24.0,34634.0,235154.21412441318,36228.72565460961
146,2020-06-23,IT,Italy,EURO,221.0,238720.0,23.0,34657.0,238720.05761865524,36816.28859438803
147,2020-06-24,IT,Italy,EURO,113.0,238833.0,18.0,34675.0,242335.08438667931,37411.95572297212
148,2020-06-25,IT,Italy,EURO,577.0,239410.0,-31.0,34644.0,245999.6313002235,38015.78254850486
149,2020-06-26,IT,Italy,EURO,296.0,239706.0,34.0,34678.0,249714.0352310198,38627.82457912805
150,2020-06-27,IT,Italy,EURO,255.0,239961.0,30.0,34708.0,253478.6330508075,39248.13732298493
151,2020-06-28,IT,Italy,EURO,175.0,240136.0,8.0,34716.0,257293.76163133184,39876.77628821763
152,2020-06-29,IT,Italy,EURO,174.0,240310.0,22.0,34738.0,261159.7578443242,40513.7969829688
153,2020-06-30,IT,Italy,EURO,126.0,240436.0,6.0,34744.0,265076.95856151544,41159.25491538042
154,2020-07-01,IT,Italy,EURO,142.0,240578.0,23.0,34767.0,269045.70065466664,41813.20559359537
155,2020-07-02,IT,Italy,EURO,182.0,240760.0,21.0,34788.0,273066.3209954954,42475.70452575649
156,2020-07-03,IT,Italy,EURO,201.0,240961.0,30.0,34818.0,277139.1564557501,43146.807220005794
157,2020-07-04,IT,Italy,EURO,223.0,241184.0,15.0,34833.0,281264.54390716134,43826.56918448594
158,2020-07-05,IT,Italy,EURO,235.0,241419.0,21.0,34854.0,285442.820221476,44515.04592733949
159,2020-07-06,IT,Italy,EURO,192.0,241611.0,7.0,34861.0,289674.32227042643,45212.292956709105
160,2020-07-07,IT,Italy,EURO,208.0,241819.0,8.0,34869.0,293959.3869257504,45918.36578073698
161,2020-07-08,IT,Italy,EURO,137.0,241956.0,30.0,34899.0,298298.3510591863,46633.31990756566
162,2020-07-09,IT,Italy,EURO,193.0,242149.0,15.0,34914.0,302691.5515424756,47357.2108453377
163,2020-07-10,IT,Italy,EURO,214.0,242363.0,12.0,34926.0,307139.3252473604,48090.09410219581
164,2020-07-11,IT,Italy,EURO,276.0,242639.0,12.0,34938.0,311642.0090455697,48832.025186282306
165,2020-07-12,IT,Italy,EURO,188.0,242827.0,7.0,34945.0,316199.9398088425,49583.05960573995
166,2020-07-13,IT,Italy,EURO,234.0,243061.0,9.0,34954.0,320813.4544089206,50343.252868710435
167,2020-07-14,IT,Italy,EURO,169.0,243230.0,13.0,34967.0,325482.88971754676,51112.66048333712
168,2020-07-15,IT,Italy,EURO,114.0,243344.0,17.0,34984.0,330208.5826064504,51891.33795776208
169,2020-07-16,IT,Italy,EURO,162.0,243506.0,13.0,34997.0,334990.86994737596,52679.34080012818
170,2020-07-17,IT,Italy,EURO,230.0,243736.0,20.0,35017.0,339830.08861205145,53476.724518577845
171,2020-07-18,IT,Italy,EURO,,,,,344726.57547222986,54283.54462125331
172,2020-07-19,IT,Italy,EURO,,,,,349680.6673996465,55099.85661629726
173,2020-07-20,IT,Italy,EURO,,,,,354692.7012660301,55925.71601185201
174,2020-07-21,IT,Italy,EURO,,,,,359763.0139431192,56761.178316060395
175,2020-07-22,IT,Italy,EURO,,,,,364891.9423026617,57606.29903706473
176,2020-07-23,IT,Italy,EURO,,,,,370079.82321638777,58461.1336830074
177,2020-07-24,IT,Italy,EURO,,,,,375326.99355603685,59325.737762031116
178,2020-07-25,IT,Italy,EURO,,,,,380633.79019335634,60200.16678227816
179,2020-07-26,IT,Italy,EURO,,,,,386000.55000008014,61084.47625189173
180,2020-07-27,IT,Italy,EURO,,,,,391427.6098479342,61978.72167901335
181,2020-07-28,IT,Italy,EURO,,,,,396915.3066086685,62882.95857178625
182,2020-07-29,IT,Italy,EURO,,,,,402463.97715402674,63797.24243835203
183,2020-07-30,IT,Italy,EURO,,,,,408073.9583557283,64721.62878685456
184,2020-07-31,IT,Italy,EURO,,,,,413745.5870855253,65656.1731254351
185,2020-08-01,IT,Italy,EURO,,,,,419479.20021515456,66600.93096223637
186,2020-08-02,IT,Italy,EURO,,,,,425275.1346163491,67555.95780540246
187,2020-08-03,IT,Italy,EURO,,,,,431133.7271608582,68521.30916307385
188,2020-08-04,IT,Italy,EURO,,,,,437055.3147204092,69497.04054339373
189,2020-08-05,IT,Italy,EURO,,,,,443040.23416674533,70483.20745450453
190,2020-08-06,IT,Italy,EURO,,,,,449088.8223715944,71479.86540454859
191,2020-08-07,IT,Italy,EURO,,,,,455201.41620672005,72487.06990166943
192,2020-08-08,IT,Italy,EURO,,,,,461378.35254383436,73504.87645400818
193,2020-08-09,IT,Italy,EURO,,,,,467619.968254674,74533.34056970866
194,2020-08-10,IT,Italy,EURO,,,,,473926.60021100356,75572.51775691246
195,2020-08-11,IT,Italy,EURO,,,,,480298.58528454066,76622.46352376204
196,2020-08-12,IT,Italy,EURO,,,,,486736.26034703176,77683.23337840058
197,2020-08-13,IT,Italy,EURO,,,,,493239.96227021166,78754.8828289698
198,2020-08-14,IT,Italy,EURO,,,,,499810.02792581706,79837.4673836135
199,2020-08-15,IT,Italy,EURO,,,,,506446.79418558,80931.0425504721
200,2020-08-16,IT,Italy,EURO,,,,,513150.5979212553,82035.66383769031
