,Date_reported, Country_code, Country, WHO_region, New_cases, Cumulative_cases, New_deaths, Cumulative_deaths,PRED_CUMULATIVE_CASES,PRED_CUMULATIVE_DEATHS
0,2020-01-31,RU,Russian Federation,EURO,2.0,2.0,0.0,0.0,-3607.9235250900706,-214.48235841769946
1,2020-02-01,RU,Russian Federation,EURO,0.0,2.0,0.0,0.0,-3607.7395600100335,-214.47968728362196
2,2020-02-02,RU,Russian Federation,EURO,0.0,2.0,0.0,0.0,-3606.451804449773,-214.46098934507944
3,2020-02-03,RU,Russian Federation,EURO,0.0,2.0,0.0,0.0,-3602.956467929233,-214.41023779762617
4,2020-02-04,RU,Russian Federation,EURO,0.0,2.0,0.0,0.0,-3596.149759967691,-214.3114058367393
5,2020-02-05,RU,Russian Federation,EURO,0.0,2.0,0.0,0.0,-3584.927890086055,-214.14846665804015
6,2020-02-06,RU,Russian Federation,EURO,0.0,2.0,0.0,0.0,-3568.1870678033697,-213.90539345711312
7,2020-02-07,RU,Russian Federation,EURO,0.0,2.0,0.0,0.0,-3544.823502639792,-213.5661594291816
8,2020-02-08,RU,Russian Federation,EURO,0.0,2.0,0.0,0.0,-3513.733404111033,-213.11473777001828
9,2020-02-09,RU,Russian Federation,EURO,0.0,2.0,0.0,0.0,-3473.8129817447657,-212.53510167550866
10,2020-02-10,RU,Russian Federation,EURO,0.0,2.0,0.0,0.0,-3423.9584450579455,-211.81122434042499
11,2020-02-11,RU,Russian Federation,EURO,0.0,2.0,0.0,0.0,-3363.066003571064,-210.92707896179508
12,2020-02-12,RU,Russian Federation,EURO,0.0,2.0,0.0,0.0,-3290.0318667964634,-209.86663873300876
13,2020-02-13,RU,Russian Federation,EURO,0.0,2.0,0.0,0.0,-3203.752244260951,-208.6138768509192
14,2020-02-14,RU,Russian Federation,EURO,0.0,2.0,0.0,0.0,-3103.1233454878416,-207.15276650955656
15,2020-02-15,RU,Russian Federation,EURO,0.0,2.0,0.0,0.0,-2987.0413799814155,-205.46728090859705
16,2020-02-16,RU,Russian Federation,EURO,0.0,2.0,0.0,0.0,-2854.40255725777,-203.54139323625003
17,2020-02-17,RU,Russian Federation,EURO,0.0,2.0,0.0,0.0,-2704.103086882594,-201.35907669807074
18,2020-02-18,RU,Russian Federation,EURO,0.0,2.0,0.0,0.0,-2535.0391783276314,-198.90430448017304
19,2020-02-19,RU,Russian Federation,EURO,0.0,2.0,0.0,0.0,-2346.107041141225,-196.16104978322272
20,2020-02-20,RU,Russian Federation,EURO,0.0,2.0,0.0,0.0,-2136.2028848330697,-193.11328579950367
21,2020-02-21,RU,Russian Federation,EURO,0.0,2.0,0.0,0.0,-1904.2229189455716,-189.74498573480395
22,2020-02-22,RU,Russian Federation,EURO,0.0,2.0,0.0,0.0,-1649.063352938017,-186.0401227704644
23,2020-02-23,RU,Russian Federation,EURO,0.0,2.0,0.0,0.0,-1369.6203963889016,-181.98267010808212
24,2020-02-24,RU,Russian Federation,EURO,0.0,2.0,0.0,0.0,-1064.7902587412132,-177.55660094017384
25,2020-02-25,RU,Russian Federation,EURO,0.0,2.0,0.0,0.0,-733.4691495995244,-172.74588846344722
26,2020-02-26,RU,Russian Federation,EURO,0.0,2.0,0.0,0.0,-374.55327845711463,-167.53450588345748
27,2020-02-27,RU,Russian Federation,EURO,0.0,2.0,0.0,0.0,13.06114522067628,-161.90642636291904
28,2020-02-28,RU,Russian Federation,EURO,0.0,2.0,0.0,0.0,430.4779117277617,-155.84562315255624
29,2020-02-29,RU,Russian Federation,EURO,0.0,2.0,0.0,0.0,878.800811869351,-149.3360694248624
30,2020-03-01,RU,Russian Federation,EURO,0.0,2.0,0.0,0.0,1359.1336357791702,-142.36173834488017
31,2020-03-02,RU,Russian Federation,EURO,1.0,3.0,0.0,0.0,1872.5801741790751,-134.90660311304254
32,2020-03-03,RU,Russian Federation,EURO,0.0,3.0,0.0,0.0,2420.244217568336,-126.95463696610403
33,2020-03-04,RU,Russian Federation,EURO,0.0,3.0,0.0,0.0,3003.229556012226,-118.48981310542894
34,2020-03-05,RU,Russian Federation,EURO,1.0,4.0,0.0,0.0,3622.6399805697406,-109.49610466066969
35,2020-03-06,RU,Russian Federation,EURO,3.0,7.0,0.0,0.0,4279.579281275419,-99.95748486485553
36,2020-03-07,RU,Russian Federation,EURO,0.0,7.0,0.0,0.0,4975.151249009443,-89.8579269174881
37,2020-03-08,RU,Russian Federation,EURO,0.0,7.0,0.0,0.0,5710.459673761648,-79.18140404228342
38,2020-03-09,RU,Russian Federation,EURO,0.0,7.0,0.0,0.0,6486.608346500692,-67.91188934188557
39,2020-03-10,RU,Russian Federation,EURO,0.0,7.0,0.0,0.0,7304.70105728626,-56.033356174121025
40,2020-03-11,RU,Russian Federation,EURO,0.0,7.0,0.0,0.0,8165.841596965936,-43.52977747213316
41,2020-03-12,RU,Russian Federation,EURO,27.0,34.0,0.0,0.0,9071.133755599407,-30.385126735309484
42,2020-03-13,RU,Russian Federation,EURO,0.0,34.0,0.0,0.0,10021.681324065921,-16.583376954535368
43,2020-03-14,RU,Russian Federation,EURO,0.0,34.0,0.0,0.0,11018.588092982096,-2.108501351664188
44,2020-03-15,RU,Russian Federation,EURO,0.0,34.0,0.0,0.0,12062.957852126357,13.055526760181067
45,2020-03-16,RU,Russian Federation,EURO,59.0,93.0,0.0,0.0,13155.894392793325,28.924734358450053
46,2020-03-17,RU,Russian Federation,EURO,0.0,93.0,0.0,0.0,14298.501504519281,45.515148059239266
47,2020-03-18,RU,Russian Federation,EURO,54.0,147.0,0.0,0.0,15491.882978734819,62.84279483999836
48,2020-03-19,RU,Russian Federation,EURO,52.0,199.0,0.0,0.0,16737.14260570079,80.92370140250551
49,2020-03-20,RU,Russian Federation,EURO,54.0,253.0,0.0,0.0,18035.38417507827,99.77389465342986
50,2020-03-21,RU,Russian Federation,EURO,53.0,306.0,0.0,0.0,19387.7114788343,119.40940121631849
51,2020-03-22,RU,Russian Federation,EURO,0.0,306.0,0.0,0.0,20795.228305978027,139.84624805371988
52,2020-03-23,RU,Russian Federation,EURO,132.0,438.0,0.0,0.0,22259.038447973577,161.10046185623634
53,2020-03-24,RU,Russian Federation,EURO,0.0,438.0,0.0,0.0,23780.245695003567,183.1880695677899
54,2020-03-25,RU,Russian Federation,EURO,220.0,658.0,0.0,0.0,25359.953837395904,206.12509802054393
55,2020-03-26,RU,Russian Federation,EURO,182.0,840.0,2.0,2.0,26999.266665225176,229.92757368158328
56,2020-03-27,RU,Russian Federation,EURO,196.0,1036.0,1.0,3.0,28699.287969452587,254.61152370344627
57,2020-03-28,RU,Russian Federation,EURO,228.0,1264.0,1.0,4.0,30461.1215414305,280.19297475438344
58,2020-03-29,RU,Russian Federation,EURO,270.0,1534.0,4.0,8.0,32285.871170585302,306.6879535249971
59,2020-03-30,RU,Russian Federation,EURO,0.0,1534.0,1.0,9.0,34174.64064696178,334.11248718272674
60,2020-03-31,RU,Russian Federation,EURO,303.0,1837.0,0.0,9.0,36128.53376186386,362.4826021648549
61,2020-04-01,RU,Russian Federation,EURO,500.0,2337.0,8.0,17.0,38148.65430714682,391.81432546745765
62,2020-04-02,RU,Russian Federation,EURO,440.0,2777.0,7.0,24.0,40236.1060690631,422.1236840195559
63,2020-04-03,RU,Russian Federation,EURO,771.0,3548.0,6.0,30.0,42391.99284124866,453.42670407216775
64,2020-04-04,RU,Russian Federation,EURO,601.0,4149.0,4.0,34.0,44617.418416177185,485.73941319506395
65,2020-04-05,RU,Russian Federation,EURO,582.0,4731.0,9.0,43.0,46913.486578707845,519.0778374306462
66,2020-04-06,RU,Russian Federation,EURO,658.0,5389.0,2.0,45.0,49281.301123728306,553.4580040804647
67,2020-04-07,RU,Russian Federation,EURO,954.0,6343.0,2.0,47.0,51721.965840150864,588.8959400884412
68,2020-04-08,RU,Russian Federation,EURO,1154.0,7497.0,11.0,58.0,54236.58452018842,625.4076716385387
69,2020-04-09,RU,Russian Federation,EURO,2634.0,10131.0,18.0,76.0,56826.26095098749,663.0092261068128
70,2020-04-10,RU,Russian Federation,EURO,1786.0,11917.0,18.0,94.0,59492.09892583385,701.7166300050519
71,2020-04-11,RU,Russian Federation,EURO,1667.0,13584.0,12.0,106.0,62235.20223494366,741.5459102324746
72,2020-04-12,RU,Russian Federation,EURO,2186.0,15770.0,24.0,130.0,65056.674667706044,782.5130935839913
73,2020-04-13,RU,Russian Federation,EURO,2558.0,18328.0,18.0,148.0,67957.6200142403,824.6342066905997
74,2020-04-14,RU,Russian Federation,EURO,2774.0,21102.0,22.0,170.0,70939.14206572369,867.9252765856288
75,2020-04-15,RU,Russian Federation,EURO,3388.0,24490.0,28.0,198.0,74002.34461355701,912.4023301980994
76,2020-04-16,RU,Russian Federation,EURO,3448.0,27938.0,34.0,232.0,77148.33144763604,958.0813941888116
77,2020-04-17,RU,Russian Federation,EURO,4070.0,32008.0,41.0,273.0,80378.20635690287,1004.9784951142572
78,2020-04-18,RU,Russian Federation,EURO,4785.0,36793.0,40.0,313.0,83693.07313392058,1053.109659530928
79,2020-04-19,RU,Russian Federation,EURO,6060.0,42853.0,48.0,361.0,87094.03556329504,1102.4909154556296
80,2020-04-20,RU,Russian Federation,EURO,0.0,42853.0,0.0,361.0,90582.19745135799,1153.1382891468309
81,2020-04-21,RU,Russian Federation,EURO,9910.0,52763.0,95.0,456.0,94158.66256830588,1205.0678065500758
82,2020-04-22,RU,Russian Federation,EURO,5236.0,57999.0,57.0,513.0,97824.53472042576,1258.2954950414203
83,2020-04-23,RU,Russian Federation,EURO,4774.0,62773.0,42.0,555.0,101580.91768798724,1312.837381818106
84,2020-04-24,RU,Russian Federation,EURO,5849.0,68622.0,60.0,615.0,105428.91526815787,1368.7094932876132
85,2020-04-25,RU,Russian Federation,EURO,0.0,68622.0,0.0,615.0,109369.63124967113,1425.9278563640617
86,2020-04-26,RU,Russian Federation,EURO,5966.0,74588.0,66.0,681.0,113404.16941948727,1484.5084981105827
87,2020-04-27,RU,Russian Federation,EURO,12559.0,87147.0,113.0,794.0,117533.63356987134,1544.467444606831
88,2020-04-28,RU,Russian Federation,EURO,6411.0,93558.0,73.0,867.0,121759.12749264136,1605.8207230053447
89,2020-04-29,RU,Russian Federation,EURO,5841.0,99399.0,105.0,972.0,126081.75497916833,1668.5843605778716
90,2020-04-30,RU,Russian Federation,EURO,7099.0,106498.0,101.0,1073.0,130502.6198179771,1732.7743837914966
91,2020-05-01,RU,Russian Federation,EURO,7933.0,114431.0,96.0,1169.0,135022.8257945229,1798.406819172909
92,2020-05-02,RU,Russian Federation,EURO,9623.0,124054.0,53.0,1222.0,139643.47671178475,1865.4976933978103
93,2020-05-03,RU,Russian Federation,EURO,10633.0,134687.0,58.0,1280.0,144365.67635113493,1934.0630345724128
94,2020-05-04,RU,Russian Federation,EURO,10581.0,145268.0,76.0,1356.0,149190.52850550905,2004.118867643883
95,2020-05-05,RU,Russian Federation,EURO,10102.0,155370.0,95.0,1451.0,154119.13696694866,2075.681220897248
96,2020-05-06,RU,Russian Federation,EURO,10559.0,165929.0,86.0,1537.0,159152.6055212368,2148.7661201439405
97,2020-05-07,RU,Russian Federation,EURO,11231.0,177160.0,88.0,1625.0,164292.0379610707,2223.389593519976
98,2020-05-08,RU,Russian Federation,EURO,10699.0,187859.0,98.0,1723.0,169538.53807625666,2299.5676661513353
99,2020-05-09,RU,Russian Federation,EURO,10817.0,198676.0,104.0,1827.0,174893.2096630086,2377.31636536937
100,2020-05-10,RU,Russian Federation,EURO,11012.0,209688.0,88.0,1915.0,180357.1565063049,2456.6517186544443
101,2020-05-11,RU,Russian Federation,EURO,11656.0,221344.0,94.0,2009.0,185931.4823935081,2537.5897524140382
102,2020-05-12,RU,Russian Federation,EURO,10899.0,232243.0,107.0,2116.0,191617.29112345472,2620.1464933536554
103,2020-05-13,RU,Russian Federation,EURO,10028.0,242271.0,96.0,2212.0,197415.68648309007,2704.3379696987176
104,2020-05-14,RU,Russian Federation,EURO,9974.0,252245.0,93.0,2305.0,203327.77225941911,2790.180203773787
105,2020-05-15,RU,Russian Federation,EURO,10598.0,262843.0,113.0,2418.0,209354.65224624172,2877.6892273805643
106,2020-05-16,RU,Russian Federation,EURO,9200.0,272043.0,119.0,2537.0,215497.43023565903,2966.8810654662157
107,2020-05-17,RU,Russian Federation,EURO,9709.0,281752.0,94.0,2631.0,221757.2100082685,3057.7717442296052
108,2020-05-18,RU,Russian Federation,EURO,8926.0,290678.0,91.0,2722.0,228135.09537479773,3150.377293088248
109,2020-05-19,RU,Russian Federation,EURO,9263.0,299941.0,115.0,2837.0,234632.19010690346,3244.7137340090776
110,2020-05-20,RU,Russian Federation,EURO,8764.0,308705.0,135.0,2972.0,241249.5979974319,3340.7970983765626
111,2020-05-21,RU,Russian Federation,EURO,8849.0,317554.0,127.0,3099.0,247988.42285091177,3438.6434114358926
112,2020-05-22,RU,Russian Federation,EURO,8894.0,326448.0,150.0,3249.0,254849.7684312512,3538.2686985514665
113,2020-05-23,RU,Russian Federation,EURO,9434.0,335882.0,139.0,3388.0,261834.73855364815,3639.688988306334
114,2020-05-24,RU,Russian Federation,EURO,8599.0,344481.0,153.0,3541.0,268944.4370070745,3742.920306958964
115,2020-05-25,RU,Russian Federation,EURO,8946.0,353427.0,92.0,3633.0,276179.967568164,3847.97868070822
116,2020-05-26,RU,Russian Federation,EURO,8915.0,362342.0,174.0,3807.0,283542.4340403129,3954.8801371238733
117,2020-05-27,RU,Russian Federation,EURO,8338.0,370680.0,161.0,3968.0,291032.9402049233,4063.6407039545084
118,2020-05-28,RU,Russian Federation,EURO,8371.0,379051.0,174.0,4142.0,298652.5898513247,4174.27640638571
119,2020-05-29,RU,Russian Federation,EURO,8572.0,387623.0,232.0,4374.0,306402.4867862512,4286.803272285273
120,2020-05-30,RU,Russian Federation,EURO,8952.0,396575.0,181.0,4555.0,314283.7347705413,4401.237326242735
121,2020-05-31,RU,Russian Federation,EURO,9268.0,405843.0,138.0,4693.0,322297.4376335789,4517.594598212054
122,2020-06-01,RU,Russian Federation,EURO,9035.0,414878.0,162.0,4855.0,330444.699132805,4635.891112663558
123,2020-06-02,RU,Russian Federation,EURO,8863.0,423741.0,182.0,5037.0,338726.62306410563,4756.142898061087
124,2020-06-03,RU,Russian Federation,EURO,8536.0,432277.0,178.0,5215.0,347144.31322813523,4878.365981080344
125,2020-06-04,RU,Russian Federation,EURO,8831.0,441108.0,169.0,5384.0,355698.8734128524,5002.576385536006
126,2020-06-05,RU,Russian Federation,EURO,8726.0,449834.0,144.0,5528.0,364391.40740561974,5128.790141501238
127,2020-06-06,RU,Russian Federation,EURO,8855.0,458689.0,197.0,5725.0,373223.0190131117,5257.023275055697
128,2020-06-07,RU,Russian Federation,EURO,8984.0,467673.0,134.0,5859.0,382194.8120050479,5387.291814484408
129,2020-06-08,RU,Russian Federation,EURO,8985.0,476658.0,112.0,5971.0,391307.890161698,5519.611781635096
130,2020-06-09,RU,Russian Federation,EURO,8595.0,485253.0,171.0,6142.0,400563.3573052932,5653.999208369067
131,2020-06-10,RU,Russian Federation,EURO,8404.0,493657.0,216.0,6358.0,409962.3172213484,5790.470118918231
132,2020-06-11,RU,Russian Federation,EURO,8779.0,502436.0,174.0,6532.0,419505.8736654569,5929.040541567614
133,2020-06-12,RU,Russian Federation,EURO,8987.0,511423.0,183.0,6715.0,429195.1304729034,6069.7265040061975
134,2020-06-13,RU,Russian Federation,EURO,8706.0,520129.0,114.0,6829.0,439031.19139683736,6212.544029631426
135,2020-06-14,RU,Russian Federation,EURO,8835.0,528964.0,119.0,6948.0,449015.1602590133,6357.509147562792
136,2020-06-15,RU,Russian Federation,EURO,8246.0,537210.0,143.0,7091.0,459148.1408371378,6504.637882032206
137,2020-06-16,RU,Russian Federation,EURO,8248.0,545458.0,193.0,7284.0,469431.23691392434,6653.946263112834
138,2020-06-17,RU,Russian Federation,EURO,7843.0,553301.0,194.0,7478.0,479865.55228353036,6805.450317778399
139,2020-06-18,RU,Russian Federation,EURO,7790.0,561091.0,182.0,7660.0,490452.19075251115,6959.166070260813
140,2020-06-19,RU,Russian Federation,EURO,7972.0,569063.0,181.0,7841.0,501192.25608230126,7115.109548964312
141,2020-06-20,RU,Russian Federation,EURO,7889.0,576952.0,161.0,8002.0,512086.8521055032,7273.296779074481
142,2020-06-21,RU,Russian Federation,EURO,7728.0,584680.0,109.0,8111.0,523137.0825551797,7433.743790783694
143,2020-06-22,RU,Russian Federation,EURO,7600.0,592280.0,95.0,8206.0,534344.0512800266,7596.466607727816
144,2020-06-23,RU,Russian Federation,EURO,7425.0,599705.0,153.0,8359.0,545708.8620172788,7761.481257595828
145,2020-06-24,RU,Russian Federation,EURO,7176.0,606881.0,154.0,8513.0,557232.6185872604,7928.803766407778
146,2020-06-25,RU,Russian Federation,EURO,7113.0,613994.0,92.0,8605.0,568916.4247895528,8098.450162448695
147,2020-06-26,RU,Russian Federation,EURO,6800.0,620794.0,176.0,8781.0,580761.3843890477,8270.436475791743
148,2020-06-27,RU,Russian Federation,EURO,6852.0,627646.0,188.0,8969.0,592768.60120142,8444.778721608927
149,2020-06-28,RU,Russian Federation,EURO,6791.0,634437.0,104.0,9073.0,604939.1790067006,8621.492939390948
150,2020-06-29,RU,Russian Federation,EURO,6719.0,641156.0,93.0,9166.0,617274.2215840865,8800.595150508692
151,2020-06-30,RU,Russian Federation,EURO,6693.0,647849.0,154.0,9320.0,629774.8327459146,8982.101381816676
152,2020-07-01,RU,Russian Federation,EURO,6556.0,654405.0,216.0,9536.0,642442.1162567188,9166.02766243439
153,2020-07-02,RU,Russian Federation,EURO,6760.0,661165.0,147.0,9683.0,655277.1759150077,9352.390016116908
154,2020-07-03,RU,Russian Federation,EURO,6718.0,667883.0,176.0,9859.0,668281.1155308534,9541.204469837954
155,2020-07-04,RU,Russian Federation,EURO,6632.0,674515.0,168.0,10027.0,681455.0388772537,9732.48705283623
156,2020-07-05,RU,Russian Federation,EURO,6736.0,681251.0,134.0,10161.0,694800.0497469951,9926.25378517132
157,2020-07-06,RU,Russian Federation,EURO,6611.0,687862.0,135.0,10296.0,708317.251929288,10122.520709433367
158,2020-07-07,RU,Russian Federation,EURO,6368.0,694230.0,198.0,10494.0,722007.7491819907,10321.303832568934
159,2020-07-08,RU,Russian Federation,EURO,6562.0,700792.0,173.0,10667.0,735872.6454113771,10522.61919740658
160,2020-07-09,RU,Russian Federation,EURO,6509.0,707301.0,176.0,10843.0,749913.0442864944,10726.482822098544
161,2020-07-10,RU,Russian Federation,EURO,6635.0,713936.0,174.0,11017.0,764130.0496207525,10932.910730161479
162,2020-07-11,RU,Russian Federation,EURO,6611.0,720547.0,188.0,11205.0,778524.7652220775,11141.918961324503
163,2020-07-12,RU,Russian Federation,EURO,6615.0,727162.0,130.0,11335.0,793098.2948994685,11353.523530521205
164,2020-07-13,RU,Russian Federation,EURO,6537.0,733699.0,104.0,11439.0,807851.7424390365,11567.740469255259
165,2020-07-14,RU,Russian Federation,EURO,6248.0,739947.0,175.0,11614.0,822786.2116143752,11784.585806169322
166,2020-07-15,RU,Russian Federation,EURO,6422.0,746369.0,156.0,11770.0,837902.8061795284,12004.075563468745
167,2020-07-16,RU,Russian Federation,EURO,6428.0,752797.0,167.0,11937.0,853202.6300023843,12226.22577194195
168,2020-07-17,RU,Russian Federation,EURO,6406.0,759203.0,186.0,12123.0,868686.7868208934,12451.052455224803
169,2020-07-18,RU,Russian Federation,EURO,,,,,884356.3804528762,12678.571643867304
170,2020-07-19,RU,Russian Federation,EURO,,,,,900212.5146729995,12908.79935983639
171,2020-07-20,RU,Russian Federation,EURO,,,,,916256.2932140876,13141.751632966807
172,2020-07-21,RU,Russian Federation,EURO,,,,,932488.8200315286,13377.444493808558
173,2020-07-22,RU,Russian Federation,EURO,,,,,948911.198735838,13615.89395884495
174,2020-07-23,RU,Russian Federation,EURO,,,,,965524.5332346011,13857.116065778544
175,2020-07-24,RU,Russian Federation,EURO,,,,,982329.9272744705,14101.12683538418
176,2020-07-25,RU,Russian Federation,EURO,,,,,999328.4846167613,14347.942292966654
177,2020-07-26,RU,Russian Federation,EURO,,,,,1016521.3090915729,14597.578472652247
178,2020-07-27,RU,Russian Federation,EURO,,,,,1033909.504508977,14850.05139354687
179,2020-07-28,RU,Russian Federation,EURO,,,,,1051494.1746056129,15105.377090015223
180,2020-07-29,RU,Russian Federation,EURO,,,,,1069276.4232194473,15363.57157925587
181,2020-07-30,RU,Russian Federation,EURO,,,,,1087257.3541119148,15624.650894441416
182,2020-07-31,RU,Russian Federation,EURO,,,,,1105438.0710318137,15888.63106230717
183,2020-08-01,RU,Russian Federation,EURO,,,,,1123819.6778960277,16155.528106488993
184,2020-08-02,RU,Russian Federation,EURO,,,,,1142403.2783699085,16425.35805610638
185,2020-08-03,RU,Russian Federation,EURO,,,,,1161189.9763314773,16698.136938848307
186,2020-08-04,RU,Russian Federation,EURO,,,,,1180180.8754847099,16973.8807855032
187,2020-08-05,RU,Russian Federation,EURO,,,,,1199377.0797026206,17252.605612077525
188,2020-08-06,RU,Russian Federation,EURO,,,,,1218779.6927197028,17534.32745007496
189,2020-08-07,RU,Russian Federation,EURO,,,,,1238389.8183894206,17819.062336482813
190,2020-08-08,RU,Russian Federation,EURO,,,,,1258208.5604112197,18106.826276101878
191,2020-08-09,RU,Russian Federation,EURO,,,,,1278237.022644763,18397.635314979365
192,2020-08-10,RU,Russian Federation,EURO,,,,,1298476.308845525,18691.50547007542
193,2020-08-11,RU,Russian Federation,EURO,,,,,1318927.5228483726,18988.452776946833
194,2020-08-12,RU,Russian Federation,EURO,,,,,1339591.768364196,19288.493257083705
195,2020-08-13,RU,Russian Federation,EURO,,,,,1360470.1492745925,19591.64293173771
196,2020-08-14,RU,Russian Federation,EURO,,,,,1381563.7692856838,19897.917838134577
197,2020-08-15,RU,Russian Federation,EURO,,,,,1402873.7322986175,20207.334000387003
198,2020-08-16,RU,Russian Federation,EURO,,,,,1424401.1419796993,20519.907431878855
