,Date_reported, Country_code, Country, WHO_region, New_cases, Cumulative_cases, New_deaths, Cumulative_deaths,PRED_CUMULATIVE_CASES,PRED_CUMULATIVE_DEATHS
0,2020-02-02,ES,Spain,EURO,1.0,1.0,0.0,0.0,44905.905008976646,9372.08586082096
1,2020-02-03,ES,Spain,EURO,0.0,1.0,0.0,0.0,44905.976658830514,9372.0924451463
2,2020-02-04,ES,Spain,EURO,0.0,1.0,0.0,0.0,44906.4782078076,9372.13853542367
3,2020-02-05,ES,Spain,EURO,0.0,1.0,0.0,0.0,44907.83955503113,9372.26363760497
4,2020-02-06,ES,Spain,EURO,0.0,1.0,0.0,0.0,44910.49059962432,9372.50725764264
5,2020-02-07,ES,Spain,EURO,0.0,1.0,0.0,0.0,44914.86124071039,9372.908901488008
6,2020-02-08,ES,Spain,EURO,0.0,1.0,0.0,0.0,44921.381377412545,9373.508075093043
7,2020-02-09,ES,Spain,EURO,0.0,1.0,0.0,0.0,44930.48090885402,9374.344284411527
8,2020-02-10,ES,Spain,EURO,1.0,2.0,0.0,0.0,44942.589734158035,9375.457035394393
9,2020-02-11,ES,Spain,EURO,0.0,2.0,0.0,0.0,44958.1377524478,9376.88583399589
10,2020-02-12,ES,Spain,EURO,0.0,2.0,0.0,0.0,44977.55486284655,9378.670186157346
11,2020-02-13,ES,Spain,EURO,0.0,2.0,1.0,1.0,45001.27096447748,9380.849597841974
12,2020-02-14,ES,Spain,EURO,0.0,2.0,0.0,1.0,45029.71595646383,9383.463574997622
13,2020-02-15,ES,Spain,EURO,0.0,2.0,0.0,1.0,45063.31973792881,9386.5516235889
14,2020-02-16,ES,Spain,EURO,0.0,2.0,0.0,1.0,45102.51220799565,9390.153249545496
15,2020-02-17,ES,Spain,EURO,0.0,2.0,0.0,1.0,45147.72326578755,9394.307958836209
16,2020-02-18,ES,Spain,EURO,0.0,2.0,0.0,1.0,45199.38281042775,9399.055257408421
17,2020-02-19,ES,Spain,EURO,0.0,2.0,0.0,1.0,45257.92074103945,9404.43465120579
18,2020-02-20,ES,Spain,EURO,0.0,2.0,0.0,1.0,45323.76695674588,9410.485646220397
19,2020-02-21,ES,Spain,EURO,0.0,2.0,0.0,1.0,45397.35135667026,9417.247748299043
20,2020-02-22,ES,Spain,EURO,0.0,2.0,0.0,1.0,45479.10383993584,9424.760463512044
21,2020-02-23,ES,Spain,EURO,0.0,2.0,0.0,1.0,45569.45430566573,9433.063297736
22,2020-02-24,ES,Spain,EURO,0.0,2.0,0.0,1.0,45668.832652983314,9442.195756989073
23,2020-02-25,ES,Spain,EURO,0.0,2.0,0.0,1.0,45777.66878101166,9452.19734718139
24,2020-02-26,ES,Spain,EURO,1.0,3.0,0.0,1.0,45896.39258887412,9463.107574234258
25,2020-02-27,ES,Spain,EURO,9.0,12.0,0.0,1.0,46025.433975693806,9474.965944232892
26,2020-02-28,ES,Spain,EURO,13.0,25.0,0.0,1.0,46165.22284059397,9487.811962964486
27,2020-02-29,ES,Spain,EURO,7.0,32.0,0.0,1.0,46316.18908269793,9501.685136454653
28,2020-03-01,ES,Spain,EURO,13.0,45.0,0.0,1.0,46478.76260112866,9516.624970617246
29,2020-03-02,ES,Spain,EURO,21.0,66.0,0.0,1.0,46653.373295009515,9532.670971455525
30,2020-03-03,ES,Spain,EURO,48.0,114.0,1.0,2.0,46840.45106346389,9549.86264494295
31,2020-03-04,ES,Spain,EURO,37.0,151.0,2.0,4.0,47040.42580561485,9568.239496978473
32,2020-03-05,ES,Spain,EURO,49.0,200.0,1.0,5.0,47253.72742058549,9587.84103352065
33,2020-03-06,ES,Spain,EURO,61.0,261.0,3.0,8.0,47480.78580749916,9608.706760557841
34,2020-03-07,ES,Spain,EURO,113.0,374.0,3.0,11.0,47722.030865479115,9630.876183899592
35,2020-03-08,ES,Spain,EURO,0.0,374.0,14.0,25.0,47977.892493648586,9654.388809683274
36,2020-03-09,ES,Spain,EURO,0.0,374.0,16.0,41.0,48248.8005911305,9679.284144016456
37,2020-03-10,ES,Spain,EURO,650.0,1024.0,26.0,67.0,48535.18505704857,9705.601692231845
38,2020-03-11,ES,Spain,EURO,598.0,1622.0,35.0,102.0,48837.475790525576,9733.380960645627
39,2020-03-12,ES,Spain,EURO,518.0,2140.0,55.0,157.0,49156.10269068531,9762.661455514382
40,2020-03-13,ES,Spain,EURO,825.0,2965.0,78.0,235.0,49491.4956566502,9793.482682349633
41,2020-03-14,ES,Spain,EURO,1266.0,4231.0,104.0,339.0,49844.08458754406,9825.884147258948
42,2020-03-15,ES,Spain,EURO,1522.0,5753.0,129.0,468.0,50214.29938248932,9859.90535614128
43,2020-03-16,ES,Spain,EURO,2000.0,7753.0,176.0,644.0,50602.56994061062,9895.585814984988
44,2020-03-17,ES,Spain,EURO,1438.0,9191.0,186.0,830.0,51009.32616103001,9932.965030165862
45,2020-03-18,ES,Spain,EURO,1987.0,11178.0,234.0,1064.0,51434.99794287115,9972.082507284831
46,2020-03-19,ES,Spain,EURO,2538.0,13716.0,307.0,1371.0,51880.01518525674,10012.977751704406
47,2020-03-20,ES,Spain,EURO,3431.0,17147.0,418.0,1789.0,52344.807787310245,10055.6902700984
48,2020-03-21,ES,Spain,EURO,2833.0,19980.0,494.0,2283.0,52829.80564815647,10100.259568127345
49,2020-03-22,ES,Spain,EURO,4946.0,24926.0,535.0,2818.0,53335.438666916656,10146.725151809405
50,2020-03-23,ES,Spain,EURO,3646.0,28572.0,659.0,3477.0,53862.13674271393,10195.126528116416
51,2020-03-24,ES,Spain,EURO,4517.0,33089.0,707.0,4184.0,54410.32977467204,10245.5032012784
52,2020-03-25,ES,Spain,EURO,6584.0,39673.0,782.0,4966.0,54980.4476619152,10297.894677969169
53,2020-03-26,ES,Spain,EURO,7937.0,47610.0,843.0,5809.0,55572.920303565355,10352.340464087676
54,2020-03-27,ES,Spain,EURO,8578.0,56188.0,877.0,6686.0,56188.17759874689,10408.880065890502
55,2020-03-28,ES,Spain,EURO,7871.0,64059.0,814.0,7500.0,56826.64944658075,10467.552988859366
56,2020-03-29,ES,Spain,EURO,8189.0,72248.0,788.0,8288.0,57488.76574619275,10528.398739191245
57,2020-03-30,ES,Spain,EURO,6549.0,78797.0,888.0,9176.0,58174.956396704576,10591.456823917579
58,2020-03-31,ES,Spain,EURO,6398.0,85195.0,870.0,10046.0,58885.65129723962,10656.766745897483
59,2020-04-01,ES,Spain,EURO,9222.0,94417.0,868.0,10914.0,59621.280346922176,10724.368014665793
60,2020-04-02,ES,Spain,EURO,7719.0,102136.0,814.0,11728.0,60382.27344487454,10794.300133796882
61,2020-04-03,ES,Spain,EURO,8102.0,110238.0,759.0,12487.0,61169.060490219046,10866.60261163349
62,2020-04-04,ES,Spain,EURO,7472.0,117710.0,708.0,13195.0,61982.07138208225,10941.314950081061
63,2020-04-05,ES,Spain,EURO,7026.0,124736.0,724.0,13919.0,62821.73601958312,11018.476659270476
64,2020-04-06,ES,Spain,EURO,6023.0,130759.0,733.0,14652.0,63688.48430184744,11098.127242418479
65,2020-04-07,ES,Spain,EURO,4273.0,135032.0,713.0,15365.0,64582.746127997954,11180.306206318091
66,2020-04-08,ES,Spain,EURO,5478.0,140510.0,713.0,16078.0,65504.95139715677,11265.05305871601
67,2020-04-09,ES,Spain,EURO,6180.0,146690.0,642.0,16720.0,66455.53000844884,11352.407301756095
68,2020-04-10,ES,Spain,EURO,5756.0,152446.0,643.0,17363.0,67434.91186099639,11442.408445450019
69,2020-04-11,ES,Spain,EURO,4576.0,157022.0,593.0,17956.0,68443.52685392316,11535.095992895316
70,2020-04-12,ES,Spain,EURO,4830.0,161852.0,521.0,18477.0,69481.80488635218,11630.509451719474
71,2020-04-13,ES,Spain,EURO,4167.0,166019.0,563.0,19040.0,70550.1758574053,11728.688327165793
72,2020-04-14,ES,Spain,EURO,3477.0,169496.0,575.0,19615.0,71649.06966620748,11829.672126384925
73,2020-04-15,ES,Spain,EURO,6538.0,176034.0,526.0,20141.0,72778.91621188278,11933.500351520728
74,2020-04-16,ES,Spain,EURO,4040.0,180074.0,463.0,20604.0,73940.14539355205,12040.212512108039
75,2020-04-17,ES,Spain,EURO,4400.0,184474.0,476.0,21080.0,75133.18711033958,12149.84811315174
76,2020-04-18,ES,Spain,EURO,4104.0,188578.0,410.0,21490.0,76358.47126136807,12262.446659418296
77,2020-04-19,ES,Spain,EURO,2213.0,190791.0,375.0,21865.0,77616.4277457622,12378.047659965705
78,2020-04-20,ES,Spain,EURO,2585.0,193376.0,359.0,22224.0,78907.4864626459,12496.690618368339
79,2020-04-21,ES,Spain,EURO,3352.0,196728.0,396.0,22620.0,80232.07731113632,12618.415038438987
80,2020-04-22,ES,Spain,EURO,2627.0,199355.0,318.0,22938.0,81590.63019036507,12743.260433050345
81,2020-04-23,ES,Spain,EURO,3052.0,202407.0,300.0,23238.0,82983.5749994512,12871.266300769996
82,2020-04-24,ES,Spain,EURO,2767.0,205174.0,313.0,23551.0,84411.34163751596,13002.472152324866
83,2020-04-25,ES,Spain,EURO,2944.0,208118.0,280.0,23831.0,85874.36000368354,13136.91749105091
84,2020-04-26,ES,Spain,EURO,1346.0,209464.0,465.0,24296.0,87373.05999707803,13274.641823383521
85,2020-04-27,ES,Spain,EURO,1729.0,211193.0,250.0,24546.0,88907.87151683078,13415.684658619117
86,2020-04-28,ES,Spain,EURO,1831.0,213024.0,247.0,24793.0,90479.22446204844,13560.085494133185
87,2020-04-29,ES,Spain,EURO,1308.0,214332.0,224.0,25017.0,92087.54873186603,13707.883846374702
88,2020-04-30,ES,Spain,EURO,2144.0,216476.0,206.0,25223.0,93733.27422540355,13859.119215580176
89,2020-05-01,ES,Spain,EURO,518.0,216994.0,170.0,25393.0,95416.83084178483,14013.831108661841
90,2020-05-02,ES,Spain,EURO,1781.0,218775.0,191.0,25584.0,97138.64848013269,14172.059032531928
91,2020-05-03,ES,Spain,EURO,1366.0,220141.0,185.0,25769.0,98899.15703956899,14333.842485519599
92,2020-05-04,ES,Spain,EURO,884.0,221025.0,177.0,25946.0,100698.78641921742,14499.220987888526
93,2020-05-05,ES,Spain,EURO,545.0,221570.0,175.0,26121.0,102537.96651820268,14668.234035106849
94,2020-05-06,ES,Spain,EURO,1318.0,222888.0,147.0,26268.0,104417.12723564543,14840.921135040473
95,2020-05-07,ES,Spain,EURO,996.0,223884.0,158.0,26426.0,106336.69847067719,15017.321798416328
96,2020-05-08,ES,Spain,EURO,1122.0,225006.0,140.0,26566.0,108297.11012241524,15197.47551927204
97,2020-05-09,ES,Spain,EURO,1410.0,226416.0,121.0,26687.0,110298.79208997765,15381.421819778632
98,2020-05-10,ES,Spain,EURO,721.0,227137.0,106.0,26793.0,112342.17427249672,15569.200188728522
99,2020-05-11,ES,Spain,EURO,460.0,227597.0,118.0,26911.0,114427.68656908785,15760.85015353794
100,2020-05-12,ES,Spain,EURO,615.0,228212.0,108.0,27019.0,116555.75887887488,15956.411199184608
101,2020-05-13,ES,Spain,EURO,708.0,228920.0,88.0,27107.0,118726.82110098703,16155.92283877964
102,2020-05-14,ES,Spain,EURO,719.0,229639.0,83.0,27190.0,120941.3031345398,16359.424584480475
103,2020-05-15,ES,Spain,EURO,695.0,230334.0,70.0,27260.0,123199.6348786687,16566.955935093116
104,2020-05-16,ES,Spain,EURO,316.0,230650.0,58.0,27318.0,125502.24623248505,16778.55639800663
105,2020-05-17,ES,Spain,EURO,224.0,230874.0,53.0,27371.0,127849.56709511694,16994.265478702735
106,2020-05-18,ES,Spain,EURO,572.0,231446.0,65.0,27436.0,130242.02736568631,17214.122686954688
107,2020-05-19,ES,Spain,EURO,762.0,232208.0,60.0,27496.0,132680.05694332073,17438.167526813697
108,2020-05-20,ES,Spain,EURO,667.0,232875.0,54.0,27550.0,135164.08572713862,17666.439501377296
109,2020-05-21,ES,Spain,EURO,706.0,233581.0,62.0,27612.0,137694.54361625662,17898.97812041874
110,2020-05-22,ES,Spain,EURO,741.0,234322.0,64.0,27676.0,140271.86050980946,18135.82288512821
111,2020-05-23,ES,Spain,EURO,289.0,234611.0,59.0,27735.0,142896.46630692546,18377.013304325294
112,2020-05-24,ES,Spain,EURO,234.0,234845.0,51.0,27786.0,145568.7909067055,18622.58888778324
113,2020-05-25,ES,Spain,EURO,518.0,235363.0,56.0,27842.0,148289.26420829486,18872.58913764591
114,2020-05-26,ES,Spain,EURO,678.0,236041.0,42.0,27884.0,151058.31611080008,19127.05356559391
115,2020-05-27,ES,Spain,EURO,581.0,236622.0,35.0,27919.0,153876.37651335687,19386.02165946598
116,2020-05-28,ES,Spain,EURO,624.0,237246.0,34.0,27953.0,156743.87531508046,19649.532941433143
117,2020-05-29,ES,Spain,EURO,679.0,237925.0,37.0,27990.0,159661.24241510505,19917.626923176
118,2020-05-30,ES,Spain,EURO,330.0,238255.0,39.0,28029.0,162628.90771254088,20190.343091579627
119,2020-05-31,ES,Spain,EURO,160.0,238415.0,32.0,28061.0,165647.30110651633,20467.720964046668
120,2020-06-01,ES,Spain,EURO,335.0,238750.0,24.0,28085.0,168716.8524961598,20749.800044628333
121,2020-06-02,ES,Spain,EURO,460.0,239210.0,34.0,28119.0,171837.99178058823,21036.619846912574
122,2020-06-03,ES,Spain,EURO,578.0,239788.0,24.0,28143.0,175011.14885891584,21328.219867321204
123,2020-06-04,ES,Spain,EURO,489.0,240277.0,33.0,28176.0,178236.7536302937,21624.63960227604
124,2020-06-05,ES,Spain,EURO,626.0,240903.0,16.0,28192.0,181515.23599382146,21925.91857490177
125,2020-06-06,ES,Spain,EURO,243.0,241146.0,21.0,28213.0,184847.02584862272,22232.09628734226
126,2020-06-07,ES,Spain,EURO,139.0,241285.0,13.0,28226.0,188232.55309382844,22543.21224841709
127,2020-06-08,ES,Spain,EURO,338.0,241623.0,19.0,28245.0,191672.24762855127,22859.305959316443
128,2020-06-09,ES,Spain,EURO,411.0,242034.0,11.0,28256.0,195166.539351943,23180.41691360111
129,2020-06-10,ES,Spain,EURO,434.0,242468.0,25.0,28281.0,198715.85816308687,23506.584638210486
130,2020-06-11,ES,Spain,EURO,353.0,242821.0,15.0,28296.0,202320.6339611471,23837.84862479801
131,2020-06-12,ES,Spain,EURO,456.0,243277.0,9.0,28305.0,205981.2966452138,24174.248395534705
132,2020-06-13,ES,Spain,EURO,106.0,243383.0,10.0,28315.0,209698.27611441765,24515.82344398136
133,2020-06-14,ES,Spain,EURO,80.0,243463.0,9.0,28324.0,213472.00226789765,24862.613280864905
134,2020-06-15,ES,Spain,EURO,264.0,243727.0,9.0,28333.0,217302.90500475414,25214.65738830204
135,2020-06-16,ES,Spain,EURO,355.0,244082.0,6.0,28339.0,221191.41422412585,25571.995313259315
136,2020-06-17,ES,Spain,EURO,329.0,244411.0,5.0,28344.0,225137.95982513455,25934.66653785343
137,2020-06-18,ES,Spain,EURO,368.0,244779.0,2.0,28346.0,229142.97170690674,26302.710578533362
138,2020-06-19,ES,Spain,EURO,335.0,245114.0,3.0,28349.0,233206.8797685487,26676.16691741581
139,2020-06-20,ES,Spain,EURO,231.0,245345.0,3.0,28352.0,237330.11390919582,27055.075093837928
140,2020-06-21,ES,Spain,EURO,180.0,245525.0,5.0,28357.0,241513.104027981,27439.47458800907
141,2020-06-22,ES,Spain,EURO,230.0,245755.0,0.0,28357.0,245756.28002400504,27829.404914470862
142,2020-06-23,ES,Spain,EURO,415.0,246170.0,4.0,28361.0,250060.07179640577,28224.905591579627
143,2020-06-24,ES,Spain,EURO,346.0,246516.0,1.0,28362.0,254424.90924431436,28626.01610526676
144,2020-06-25,ES,Spain,EURO,344.0,246860.0,5.0,28367.0,258851.22226682323,29032.77598533268
145,2020-06-26,ES,Spain,EURO,476.0,247336.0,4.0,28371.0,263339.4407631022,29445.224691005897
146,2020-06-27,ES,Spain,EURO,241.0,247577.0,1.0,28372.0,267889.9946322258,29863.401786419105
147,2020-06-28,ES,Spain,EURO,195.0,247772.0,7.0,28379.0,272503.31377335667,30287.346747966956
148,2020-06-29,ES,Spain,EURO,247.0,248019.0,6.0,28385.0,277179.82808557997,30717.09907111759
149,2020-06-30,ES,Spain,EURO,433.0,248452.0,3.0,28388.0,281919.9674680457,31152.69826087589
150,2020-07-01,ES,Spain,EURO,407.0,248859.0,4.0,28392.0,286724.1618198802,31594.1838794672
151,2020-07-02,ES,Spain,EURO,467.0,249326.0,0.0,28392.0,291592.8410402048,32041.59536323185
152,2020-07-03,ES,Spain,EURO,573.0,249899.0,1.0,28393.0,296526.4350281081,32494.972249599647
153,2020-07-04,ES,Spain,EURO,288.0,250187.0,3.0,28396.0,301525.3736827751,32954.35405692692
154,2020-07-05,ES,Spain,EURO,195.0,250382.0,0.0,28396.0,306590.0869032611,33419.78025397892
155,2020-07-06,ES,Spain,EURO,295.0,250677.0,2.0,28398.0,311721.00458875374,33891.29038009281
156,2020-07-07,ES,Spain,EURO,672.0,251349.0,2.0,28400.0,316918.55663833075,34368.92392119999
157,2020-07-08,ES,Spain,EURO,704.0,252053.0,2.0,28402.0,322183.17295111745,34852.72037276859
158,2020-07-09,ES,Spain,EURO,800.0,252853.0,0.0,28402.0,327515.2834262541,35342.719281765174
159,2020-07-10,ES,Spain,EURO,1055.0,253908.0,2.0,28404.0,332915.31796289404,35838.960143657874
160,2020-07-11,ES,Spain,EURO,480.0,254388.0,1.0,28405.0,338383.7064600841,36341.48243865604
161,2020-07-12,ES,Spain,EURO,323.0,254711.0,1.0,28406.0,343920.878817,36850.3256889307
162,2020-07-13,ES,Spain,EURO,263.0,254974.0,0.0,28406.0,349527.26493277313,37365.529380413245
163,2020-07-14,ES,Spain,EURO,979.0,255953.0,0.0,28406.0,355203.2947064867,37887.13305244083
164,2020-07-15,ES,Spain,EURO,666.0,256619.0,3.0,28409.0,360949.3980372912,38415.17619285221
165,2020-07-16,ES,Spain,EURO,875.0,257494.0,4.0,28413.0,366766.0048243062,38949.69832191105
166,2020-07-17,ES,Spain,EURO,1361.0,258855.0,3.0,28416.0,372653.54496663186,39490.73890266056
167,2020-07-18,ES,Spain,EURO,,,,,378612.4483634404,40038.337501140784
168,2020-07-19,ES,Spain,EURO,,,,,384643.1449137878,40592.53356132145
169,2020-07-20,ES,Spain,EURO,,,,,390746.0645168939,41153.366630169105
170,2020-07-21,ES,Spain,EURO,,,,,396921.6370718098,41720.876243206214
171,2020-07-22,ES,Spain,EURO,,,,,403170.2924776448,42295.10181007023
172,2020-07-23,ES,Spain,EURO,,,,,409492.46063355106,42876.08292731876
173,2020-07-24,ES,Spain,EURO,,,,,415888.57143866975,43463.85907706852
174,2020-07-25,ES,Spain,EURO,,,,,422359.0547920918,44058.46974525089
175,2020-07-26,ES,Spain,EURO,,,,,428904.34059295926,44659.95446738834
176,2020-07-27,ES,Spain,EURO,,,,,435524.85874039197,45268.35269889469
177,2020-07-28,ES,Spain,EURO,,,,,442221.0391335069,45883.703975292396
178,2020-07-29,ES,Spain,EURO,,,,,448993.3116714422,46506.04784354801
179,2020-07-30,ES,Spain,EURO,,,,,455842.1062533069,47135.423759075355
180,2020-07-31,ES,Spain,EURO,,,,,462767.85277822503,47771.871234508704
181,2020-08-01,ES,Spain,EURO,,,,,469770.9811453089,48415.42974815006
182,2020-08-02,ES,Spain,EURO,,,,,476851.92125371547,49066.13885841007
183,2020-08-03,ES,Spain,EURO,,,,,484011.10300252895,49724.03807792301
184,2020-08-04,ES,Spain,EURO,,,,,491248.95629090286,50389.16687736149
185,2020-08-05,ES,Spain,EURO,,,,,498565.9110179868,51061.564773174476
186,2020-08-06,ES,Spain,EURO,,,,,505962.39708278497,51741.27125510807
187,2020-08-07,ES,Spain,EURO,,,,,513438.84438458254,52428.325835796546
188,2020-08-08,ES,Spain,EURO,,,,,520995.68282232695,53122.76805457706
189,2020-08-09,ES,Spain,EURO,,,,,528633.3422953616,53824.63737830753
190,2020-08-10,ES,Spain,EURO,,,,,536352.2527025811,54533.9733615839
191,2020-08-11,ES,Spain,EURO,,,,,544152.8439432819,55250.81541785831
192,2020-08-12,ES,Spain,EURO,,,,,552035.5459164855,55975.2031284296
193,2020-08-13,ES,Spain,EURO,,,,,560000.7885213186,56707.17602500553
194,2020-08-14,ES,Spain,EURO,,,,,568049.0016569848,57446.77353248234
195,2020-08-15,ES,Spain,EURO,,,,,576180.6152225359,58194.03519401188
196,2020-08-16,ES,Spain,EURO,,,,,584396.0591171373,58949.00048408146
