,Date_reported, Country_code, Country, WHO_region, New_cases, Cumulative_cases, New_deaths, Cumulative_deaths,PRED_CUMULATIVE_CASES,PRED_CUMULATIVE_DEATHS
0,2020-03-11,TR,Turkey,EURO,1.0,1.0,0.0,0.0,113222.08991039838,1872.6717066391006
1,2020-03-12,TR,Turkey,EURO,0.0,1.0,0.0,0.0,113222.15512533949,1872.673961612459
2,2020-03-13,TR,Turkey,EURO,4.0,5.0,0.0,0.0,113222.6116299272,1872.689746425967
3,2020-03-14,TR,Turkey,EURO,0.0,5.0,0.0,0.0,113223.8507138081,1872.7325909197707
4,2020-03-15,TR,Turkey,EURO,0.0,5.0,0.0,0.0,113226.26366662885,1872.8160249340322
5,2020-03-16,TR,Turkey,EURO,42.0,47.0,0.0,0.0,113230.241778036,1872.9535783088936
6,2020-03-17,TR,Turkey,EURO,0.0,47.0,0.0,0.0,113236.17633767618,1873.158780884461
7,2020-03-18,TR,Turkey,EURO,144.0,191.0,2.0,2.0,113244.458635196,1873.4451625010201
8,2020-03-19,TR,Turkey,EURO,0.0,191.0,0.0,2.0,113255.47996024207,1873.8262529985527
9,2020-03-20,TR,Turkey,EURO,479.0,670.0,7.0,9.0,113269.63160246097,1874.3155822174608
10,2020-03-21,TR,Turkey,EURO,277.0,947.0,12.0,21.0,113287.30485149934,1874.9266799974444
11,2020-03-22,TR,Turkey,EURO,0.0,947.0,0.0,21.0,113308.89099700375,1875.6730761791273
12,2020-03-23,TR,Turkey,EURO,289.0,1236.0,9.0,30.0,113334.78132862081,1876.568300601984
13,2020-03-24,TR,Turkey,EURO,293.0,1529.0,7.0,37.0,113365.36713599722,1877.6258831071186
14,2020-03-25,TR,Turkey,EURO,343.0,1872.0,7.0,44.0,113401.03970877938,1878.8593535344567
15,2020-03-26,TR,Turkey,EURO,561.0,2433.0,15.0,59.0,113442.19033661409,1880.2822417235452
16,2020-03-27,TR,Turkey,EURO,1196.0,3629.0,16.0,75.0,113489.21030914783,1881.9080775147172
17,2020-03-28,TR,Turkey,EURO,2069.0,5698.0,17.0,92.0,113542.49091602731,1883.7503907480727
18,2020-03-29,TR,Turkey,EURO,1704.0,7402.0,16.0,108.0,113602.42344689908,1885.822711265982
19,2020-03-30,TR,Turkey,EURO,1869.0,9271.0,23.0,131.0,113669.39919140983,1888.1385689036556
20,2020-03-31,TR,Turkey,EURO,1556.0,10827.0,37.0,168.0,113743.80943920602,1890.7114935058503
21,2020-04-01,TR,Turkey,EURO,2704.0,13531.0,46.0,214.0,113826.04547993443,1893.5550149115602
22,2020-04-02,TR,Turkey,EURO,2148.0,15679.0,63.0,277.0,113916.49860324127,1896.6826629593138
23,2020-04-03,TR,Turkey,EURO,2456.0,18135.0,79.0,356.0,114015.56009877351,1900.1079674920634
24,2020-04-04,TR,Turkey,EURO,2786.0,20921.0,69.0,425.0,114123.62125617778,1903.8444583421674
25,2020-04-05,TR,Turkey,EURO,3013.0,23934.0,76.0,501.0,114241.0733651008,1907.9056653635212
26,2020-04-06,TR,Turkey,EURO,3135.0,27069.0,73.0,574.0,114368.30771518912,1912.3051183832445
27,2020-04-07,TR,Turkey,EURO,3148.0,30217.0,75.0,649.0,114505.7155960878,1917.056347247782
28,2020-04-08,TR,Turkey,EURO,3892.0,34109.0,76.0,725.0,114653.6882974464,1922.1728818019487
29,2020-04-09,TR,Turkey,EURO,4117.0,38226.0,87.0,812.0,114812.6171089096,1927.668251874727
30,2020-04-10,TR,Turkey,EURO,4056.0,42282.0,96.0,908.0,114982.8933201241,1933.5559873146572
31,2020-04-11,TR,Turkey,EURO,4747.0,47029.0,98.0,1006.0,115164.90822073683,1939.8496179546796
32,2020-04-12,TR,Turkey,EURO,5138.0,52167.0,95.0,1101.0,115359.05310039403,1946.562673644033
33,2020-04-13,TR,Turkey,EURO,4789.0,56956.0,97.0,1198.0,115565.71924874361,1953.7086842137956
34,2020-04-14,TR,Turkey,EURO,4093.0,61049.0,98.0,1296.0,115785.29795542982,1961.3011795108773
35,2020-04-15,TR,Turkey,EURO,4062.0,65111.0,107.0,1403.0,116018.18051010178,1969.3536893752039
36,2020-04-16,TR,Turkey,EURO,4281.0,69392.0,115.0,1518.0,116264.75820240393,1977.8797436541513
37,2020-04-17,TR,Turkey,EURO,4801.0,74193.0,125.0,1643.0,116525.42232198376,1986.8928721704156
38,2020-04-18,TR,Turkey,EURO,4353.0,78546.0,126.0,1769.0,116800.56415848996,1996.4066047555402
39,2020-04-19,TR,Turkey,EURO,3783.0,82329.0,121.0,1890.0,117090.57500156437,2006.4344712885663
40,2020-04-20,TR,Turkey,EURO,3977.0,86306.0,127.0,2017.0,117395.84614085944,2016.9900015730977
41,2020-04-21,TR,Turkey,EURO,4674.0,90980.0,123.0,2140.0,117716.76886601801,2028.086725475137
42,2020-04-22,TR,Turkey,EURO,4611.0,95591.0,119.0,2259.0,118053.7344666867,2039.738172818777
43,2020-04-23,TR,Turkey,EURO,3083.0,98674.0,117.0,2376.0,118407.13423251352,2051.957873443012
44,2020-04-24,TR,Turkey,EURO,3116.0,101790.0,115.0,2491.0,118777.35945314149,2064.759357200806
45,2020-04-25,TR,Turkey,EURO,3122.0,104912.0,109.0,2600.0,119164.80141822234,2078.1561539190457
46,2020-04-26,TR,Turkey,EURO,2861.0,107773.0,106.0,2706.0,119569.85141739945,2092.1617934628025
47,2020-04-27,TR,Turkey,EURO,2357.0,110130.0,99.0,2805.0,119992.90074032583,2106.789805626367
48,2020-04-28,TR,Turkey,EURO,2131.0,112261.0,95.0,2900.0,120434.34067663355,2122.0537202636347
49,2020-04-29,TR,Turkey,EURO,2392.0,114653.0,92.0,2992.0,120894.56251598234,2137.967067263891
50,2020-04-30,TR,Turkey,EURO,2936.0,117589.0,89.0,3081.0,121373.95754801776,2154.543376434465
51,2020-05-01,TR,Turkey,EURO,2615.0,120204.0,93.0,3174.0,121872.91706237898,2171.796177603175
52,2020-05-02,TR,Turkey,EURO,2188.0,122392.0,84.0,3258.0,122391.83234872427,2189.739000592251
53,2020-05-03,TR,Turkey,EURO,1983.0,124375.0,78.0,3336.0,122931.09469668454,2208.3853752444134
54,2020-05-04,TR,Turkey,EURO,1670.0,126045.0,61.0,3397.0,123491.09539591373,2227.7488315085516
55,2020-05-05,TR,Turkey,EURO,1614.0,127659.0,64.0,3461.0,124072.22573606766,2247.8428991472915
56,2020-05-06,TR,Turkey,EURO,1832.0,129491.0,59.0,3520.0,124674.87700678248,2268.6811079418853
57,2020-05-07,TR,Turkey,EURO,2253.0,131744.0,64.0,3584.0,125299.44049770295,2290.2769877723053
58,2020-05-08,TR,Turkey,EURO,1977.0,133721.0,57.0,3641.0,125946.30749848814,2312.644068524112
59,2020-05-09,TR,Turkey,EURO,1848.0,135569.0,48.0,3689.0,126615.86929876372,2335.795880004634
60,2020-05-10,TR,Turkey,EURO,1546.0,137115.0,50.0,3739.0,127308.51718820413,2359.7459520435527
61,2020-05-11,TR,Turkey,EURO,1542.0,138657.0,47.0,3786.0,128024.64245643132,2384.507814470549
62,2020-05-12,TR,Turkey,EURO,1114.0,139771.0,55.0,3841.0,128764.63639310599,2410.0949971637324
63,2020-05-13,TR,Turkey,EURO,1704.0,141475.0,53.0,3894.0,129528.89028786487,2436.521029941608
64,2020-05-14,TR,Turkey,EURO,1639.0,143114.0,58.0,3952.0,130317.79543036353,2463.7994426785604
65,2020-05-15,TR,Turkey,EURO,1635.0,144749.0,55.0,4007.0,131131.74311025036,2491.9437651670173
66,2020-05-16,TR,Turkey,EURO,1708.0,146457.0,48.0,4055.0,131971.1246171602,2520.96752723666
67,2020-05-17,TR,Turkey,EURO,1610.0,148067.0,41.0,4096.0,132836.3312407396,2550.8842588140265
68,2020-05-18,TR,Turkey,EURO,1368.0,149435.0,44.0,4140.0,133727.7542706499,2581.707489613314
69,2020-05-19,TR,Turkey,EURO,1158.0,150593.0,31.0,4171.0,134645.78499653042,2613.4507496206656
70,2020-05-20,TR,Turkey,EURO,1022.0,151615.0,28.0,4199.0,135590.81470802557,2646.1275685279265
71,2020-05-21,TR,Turkey,EURO,972.0,152587.0,23.0,4222.0,136563.23469478302,2679.751476272811
72,2020-05-22,TR,Turkey,EURO,961.0,153548.0,27.0,4249.0,137563.43624644275,2714.336002759506
73,2020-05-23,TR,Turkey,EURO,952.0,154500.0,27.0,4276.0,138591.81065267106,2749.894677586724
74,2020-05-24,TR,Turkey,EURO,1186.0,155686.0,32.0,4308.0,139648.7492030814,2786.44103088962
75,2020-05-25,TR,Turkey,EURO,1141.0,156827.0,32.0,4340.0,140734.64318736285,2823.9885921998516
76,2020-05-26,TR,Turkey,EURO,987.0,157814.0,29.0,4369.0,141849.88389513097,2862.5508915706173
77,2020-05-27,TR,Turkey,EURO,948.0,158762.0,28.0,4397.0,142994.86261603437,2902.1414588390485
78,2020-05-28,TR,Turkey,EURO,1035.0,159797.0,34.0,4431.0,144169.9706397263,2942.773823834826
79,2020-05-29,TR,Turkey,EURO,1182.0,160979.0,30.0,4461.0,145375.59925587956,2984.461516335477
80,2020-05-30,TR,Turkey,EURO,1141.0,162120.0,28.0,4489.0,146612.13975408688,3027.2180661110774
81,2020-05-31,TR,Turkey,EURO,983.0,163103.0,26.0,4515.0,147879.9834240304,3071.057003117968
82,2020-06-01,TR,Turkey,EURO,839.0,163942.0,25.0,4540.0,149179.52155535543,3115.9918573273912
83,2020-06-02,TR,Turkey,EURO,827.0,164769.0,23.0,4563.0,150511.14543768452,3162.036158367862
84,2020-06-03,TR,Turkey,EURO,786.0,165555.0,22.0,4585.0,151875.2463607049,3209.2034360765115
85,2020-06-04,TR,Turkey,EURO,867.0,166422.0,24.0,4609.0,153272.2156140205,3257.507220357527
86,2020-06-05,TR,Turkey,EURO,988.0,167410.0,21.0,4630.0,154702.44448731947,3306.9610410703913
87,2020-06-06,TR,Turkey,EURO,930.0,168340.0,18.0,4648.0,156166.32427019547,3357.578428111841
88,2020-06-07,TR,Turkey,EURO,878.0,169218.0,21.0,4669.0,157664.2462523432,3409.3729111327425
89,2020-06-08,TR,Turkey,EURO,914.0,170132.0,23.0,4692.0,159196.60172339916,3462.3580201490417
90,2020-06-09,TR,Turkey,EURO,989.0,171121.0,19.0,4711.0,160763.78197299005,3516.547284878661
91,2020-06-10,TR,Turkey,EURO,993.0,172114.0,18.0,4729.0,162366.17829078823,3571.954235352446
92,2020-06-11,TR,Turkey,EURO,922.0,173036.0,17.0,4746.0,164004.1819664069,3628.5924012287155
93,2020-06-12,TR,Turkey,EURO,987.0,174023.0,17.0,4763.0,165678.1842895338,3686.4753123446003
94,2020-06-13,TR,Turkey,EURO,1195.0,175218.0,15.0,4778.0,167388.57654981795,3745.616498537232
95,2020-06-14,TR,Turkey,EURO,1459.0,176677.0,14.0,4792.0,169135.7500368144,3806.029489733149
96,2020-06-15,TR,Turkey,EURO,1562.0,178239.0,15.0,4807.0,170920.09604027975,3867.7278156353727
97,2020-06-16,TR,Turkey,EURO,1592.0,179831.0,18.0,4825.0,172742.00584981884,3930.7250065727726
98,2020-06-17,TR,Turkey,EURO,1467.0,181298.0,17.0,4842.0,174601.87075507003,3995.034591637422
99,2020-06-18,TR,Turkey,EURO,1429.0,182727.0,19.0,4861.0,176500.08204571359,4060.670101411511
100,2020-06-19,TR,Turkey,EURO,1304.0,184031.0,21.0,4882.0,178437.0310113534,4127.645065002014
101,2020-06-20,TR,Turkey,EURO,1214.0,185245.0,23.0,4905.0,180413.10894162688,4195.973012454679
102,2020-06-21,TR,Turkey,EURO,1248.0,186493.0,22.0,4927.0,182428.7071262432,4265.667474351694
103,2020-06-22,TR,Turkey,EURO,1192.0,187685.0,23.0,4950.0,184484.21685481272,4336.7419795169135
104,2020-06-23,TR,Turkey,EURO,1212.0,188897.0,24.0,4974.0,186580.0294170055,4409.210058264305
105,2020-06-24,TR,Turkey,EURO,1268.0,190165.0,27.0,5001.0,188716.53610239192,4483.085240580012
106,2020-06-25,TR,Turkey,EURO,1492.0,191657.0,24.0,5025.0,190894.1282006876,4558.381055481603
107,2020-06-26,TR,Turkey,EURO,1458.0,193115.0,21.0,5046.0,193113.19700152535,4635.111034534742
108,2020-06-27,TR,Turkey,EURO,1396.0,194511.0,19.0,5065.0,195374.13379452113,4713.2887055947085
109,2020-06-28,TR,Turkey,EURO,1372.0,195883.0,17.0,5082.0,197677.32986939806,4792.927599601318
110,2020-06-29,TR,Turkey,EURO,1356.0,197239.0,15.0,5097.0,200023.1765157526,4874.041246704628
111,2020-06-30,TR,Turkey,EURO,1374.0,198613.0,18.0,5115.0,202412.06502321377,4956.64317547517
112,2020-07-01,TR,Turkey,EURO,1293.0,199906.0,16.0,5131.0,204844.38668147117,5040.746917061379
113,2020-07-02,TR,Turkey,EURO,1192.0,201098.0,19.0,5150.0,207320.5327801119,5126.36600046592
114,2020-07-03,TR,Turkey,EURO,1186.0,202284.0,17.0,5167.0,209840.8946088349,5213.513955704739
115,2020-07-04,TR,Turkey,EURO,1172.0,203456.0,19.0,5186.0,212405.86345731388,5302.204313002398
116,2020-07-05,TR,Turkey,EURO,1154.0,204610.0,20.0,5206.0,215015.83061511643,5392.450601719191
117,2020-07-06,TR,Turkey,EURO,1148.0,205758.0,19.0,5225.0,217671.18737188648,5484.266351602842
118,2020-07-07,TR,Turkey,EURO,1086.0,206844.0,16.0,5241.0,220372.32501732107,5577.665093563368
119,2020-07-08,TR,Turkey,EURO,1053.0,207897.0,19.0,5260.0,223119.63484107997,5672.660356275608
120,2020-07-09,TR,Turkey,EURO,1041.0,208938.0,22.0,5282.0,225913.50813284438,5769.265669874718
121,2020-07-10,TR,Turkey,EURO,1024.0,209962.0,18.0,5300.0,228754.336182085,5867.494564168026
122,2020-07-11,TR,Turkey,EURO,1003.0,210965.0,23.0,5323.0,231642.51027866188,5967.360569290688
123,2020-07-12,TR,Turkey,EURO,1016.0,211981.0,21.0,5344.0,234578.42171208668,6068.877214960625
124,2020-07-13,TR,Turkey,EURO,1012.0,212993.0,19.0,5363.0,237562.46177205924,6172.058030836155
125,2020-07-14,TR,Turkey,EURO,1008.0,214001.0,19.0,5382.0,240595.0217481881,6276.91654714184
126,2020-07-15,TR,Turkey,EURO,992.0,214993.0,20.0,5402.0,243676.49293013025,6383.46629305916
127,2020-07-16,TR,Turkey,EURO,947.0,215940.0,17.0,5419.0,246807.2666075613,6491.720799349119
128,2020-07-17,TR,Turkey,EURO,933.0,216873.0,21.0,5440.0,249987.7340701196,6601.693594954779
129,2020-07-18,TR,Turkey,EURO,,,,,253218.28660743605,6713.398210160305
130,2020-07-19,TR,Turkey,EURO,,,,,256499.3155092142,6826.8481748624345
131,2020-07-20,TR,Turkey,EURO,,,,,259831.21206494528,6942.057019196322
132,2020-07-21,TR,Turkey,EURO,,,,,263214.367564493,7059.038271419575
133,2020-07-22,TR,Turkey,EURO,,,,,266649.17329732433,7177.805463693907
134,2020-07-23,TR,Turkey,EURO,,,,,270136.020553128,7298.3721240385075
135,2020-07-24,TR,Turkey,EURO,,,,,273675.30062165775,7420.751783065369
136,2020-07-25,TR,Turkey,EURO,,,,,277267.40479241044,7544.957970432808
137,2020-07-26,TR,Turkey,EURO,,,,,280912.72435514175,7671.004216544201
138,2020-07-27,TR,Turkey,EURO,,,,,284611.65059945465,7798.904050491621
139,2020-07-28,TR,Turkey,EURO,,,,,288364.5748149782,7928.6710021122
140,2020-07-29,TR,Turkey,EURO,,,,,292171.8882914159,8060.318601749708
141,2020-07-30,TR,Turkey,EURO,,,,,296033.9823182962,8193.860379360487
142,2020-07-31,TR,Turkey,EURO,,,,,299951.2481854755,8329.309863708784
143,2020-08-01,TR,Turkey,EURO,,,,,303924.07718239457,8466.68058653908
144,2020-08-02,TR,Turkey,EURO,,,,,307952.8605987533,8605.986075602343
145,2020-08-03,TR,Turkey,EURO,,,,,312037.98972431116,8747.239861212542
146,2020-08-04,TR,Turkey,EURO,,,,,316179.8558485798,8890.455474220087
147,2020-08-05,TR,Turkey,EURO,,,,,320378.85026125156,9035.646443866064
148,2020-08-06,TR,Turkey,EURO,,,,,324635.3642518624,9182.826300643255
149,2020-08-07,TR,Turkey,EURO,,,,,328949.78911035426,9332.00857230263
150,2020-08-08,TR,Turkey,EURO,,,,,333322.51612611406,9483.206791125109
151,2020-08-09,TR,Turkey,EURO,,,,,337753.9365888863,9636.434485517313
152,2020-08-10,TR,Turkey,EURO,,,,,342244.4417882591,9791.705186091234
153,2020-08-11,TR,Turkey,EURO,,,,,346794.42301390984,9949.032422326376
154,2020-08-12,TR,Turkey,EURO,,,,,351404.27155548625,10108.429724238684
155,2020-08-13,TR,Turkey,EURO,,,,,356074.37870271795,10269.910621307661
156,2020-08-14,TR,Turkey,EURO,,,,,360805.13574502163,10433.488644204905
157,2020-08-15,TR,Turkey,EURO,,,,,365596.9339724212,10599.17732115822
158,2020-08-16,TR,Turkey,EURO,,,,,370450.16467424773,10766.990184210112
